0.000000	0.000000
0.000000	0.000000
0.000000	0.000000
0.000000	0.000000
0.000000	0.000000
0.000000	0.000000
0.000000	0.000000
0.000000	0.000000
0.000000	0.000000
0.000000	-0.010387
0.000000	0.027074
0.000000	-0.015030
0.000000	-0.009521
0.000000	-0.004463
0.000000	-0.011837
0.000000	0.007180
0.000000	0.020969
0.000000	-0.017391
0.000000	-0.027547
0.000000	-0.028585
0.000000	-0.002105
0.000000	0.015769
0.000000	0.002779
0.000000	0.019957
0.000000	0.023103
0.000000	-0.026386
0.000000	-0.011078
0.000000	-0.009228
0.000000	0.009827
0.000000	-0.013070
0.000000	-0.005784
0.000000	-0.007049
0.000000	0.020159
0.000000	-0.006860
0.000000	0.026837
0.000000	0.021629
0.000000	-0.013587
0.000000	-0.001893
0.000000	-0.015928
0.000000	0.021647
0.000000	-0.011100
0.000000	-0.015320
0.000000	-0.016458
0.000000	-0.011657
0.000000	-0.014583
0.000000	0.009061
0.000000	0.007609
0.000000	0.020300
0.000000	0.022058
0.000000	-0.016143
0.000000	-0.001467
0.000000	0.008809
0.000000	0.029873
0.000000	-0.011677
0.000000	-0.001034
0.000000	0.024747
0.000000	0.005914
0.000000	-0.018474
0.000000	0.009516
0.000000	-0.017478
0.000000	0.006980
0.000000	0.015769
0.000000	0.007188
0.000000	0.028347
0.000000	-0.028858
0.000000	0.017098
0.000000	0.029983
0.000000	-0.007622
0.000000	-0.005236
0.000000	0.019312
0.000000	0.029811
0.000000	-0.021072
0.000000	0.025230
0.000000	0.012324
0.000000	0.012713
0.000000	-0.000443
0.000000	-0.013302
0.000000	-0.008804
0.000000	-0.010365
0.000000	-0.021194
0.593811	0.005278
0.593811	0.023597
0.593811	-0.004860
0.593811	0.063077
0.593811	0.250627
0.593811	0.367928
0.593811	0.456393
0.593811	0.572914
0.593811	0.619432
0.593811	0.675307
0.593811	0.724651
0.593811	0.762329
0.593811	0.792033
0.593811	0.778164
0.593811	0.828930
0.593811	0.823863
0.593811	0.823473
0.593811	0.827322
0.593811	0.824858
0.593811	0.877897
0.593811	0.857090
0.593811	0.852332
0.593811	0.858067
0.593811	0.850177
0.593811	0.894340
0.593811	0.897011
0.593811	0.897326
0.593811	0.907612
0.593811	0.883731
0.593811	0.871000
0.593811	0.903821
0.593811	0.863672
0.593811	0.880135
0.593811	0.899201
0.593811	0.888563
0.593811	0.916633
0.593811	0.911886
0.593811	0.917305
0.593811	0.910064
0.593811	0.875410
0.593811	0.870636
0.593811	0.903464
0.593811	0.874984
0.593811	0.902907
0.593811	0.912660
0.593811	0.879311
0.593811	0.911603
0.593811	0.878047
0.593811	0.900687
0.593811	0.900673
0.593811	0.883057
0.593811	0.890059
0.593811	0.903364
0.593811	0.896848
0.593811	0.913427
0.593811	0.891643
0.593811	0.914847
0.593811	0.898252
0.593811	0.927037
0.593811	0.882405
0.593811	0.875526
0.593811	0.901808
0.593811	0.902192
0.593811	0.889095
0.593811	0.918969
0.593811	0.894615
0.593811	0.907129
0.593811	0.889535
0.593811	0.907844
0.593811	0.921634
0.593811	0.910398
0.593811	0.915936
0.593811	0.871631
0.593811	0.929381
0.593811	0.898090
0.593811	0.901754
0.593811	0.891267
0.593811	0.908659
0.593811	0.881137
0.593811	0.926759
0.182253	0.927786
0.182253	0.880183
0.182253	0.895073
0.182253	0.885663
0.182253	0.896324
0.182253	0.885554
0.182253	0.841409
0.182253	0.879833
0.182253	0.815273
0.182253	0.850495
0.182253	0.828080
0.182253	0.778956
0.182253	0.788639
0.182253	0.810405
0.182253	0.762533
0.182253	0.761424
0.182253	0.735556
0.182253	0.736917
0.182253	0.727104
0.182253	0.767693
0.182253	0.718755
0.182253	0.715187
0.182253	0.752278
0.182253	0.734071
0.182253	0.747223
0.182253	0.722333
0.182253	0.741064
0.182253	0.710957
0.182253	0.705748
0.182253	0.711692
0.182253	0.689432
0.182253	0.698159
0.182253	0.720972
0.182253	0.716565
0.182253	0.672852
0.182253	0.687003
0.182253	0.672990
0.182253	0.685867
0.182253	0.707122
0.182253	0.677964
0.182253	0.699144
0.182253	0.667299
0.182253	0.691493
0.182253	0.696319
0.182253	0.711540
0.182253	0.707765
0.182253	0.680974
0.182253	0.676439
0.182253	0.705776
0.182253	0.675095
0.182253	0.667757
0.182253	0.670157
0.182253	0.695415
0.182253	0.692658
0.182253	0.698209
0.182253	0.662615
0.182253	0.706279
0.182253	0.659513
0.182253	0.715434
0.182253	0.668573
0.182253	0.677213
0.182253	0.661223
0.182253	0.665465
0.182253	0.678916
0.182253	0.693648
0.182253	0.663707
0.182253	0.680774
0.182253	0.669651
0.182253	0.672683
0.182253	0.666843
0.182253	0.665975
0.182253	0.672809
0.182253	0.698490
0.182253	0.658208
0.182253	0.692131
0.182253	0.679497
0.182253	0.681085
0.182253	0.709704
0.182253	0.712318
0.182253	0.712021
-0.881813	0.681761
-0.881813	0.682158
-0.881813	0.688681
-0.881813	0.650008
-0.881813	0.543103
-0.881813	0.335722
-0.881813	0.121041
-0.881813	-0.138003
-0.881813	-0.470743
-0.881813	-0.832274
-0.881813	-1.177227
-0.881813	-1.609720
-0.881813	-2.050481
-0.881813	-2.531016
-0.881813	-3.013784
-0.881813	-3.455638
-0.881813	-3.980403
-0.881813	-4.429805
-0.881813	-4.899663
-0.881813	-5.323817
-0.881813	-5.744891
-0.881813	-6.127945
-0.881813	-6.527205
-0.881813	-6.920319
-0.881813	-7.205731
-0.881813	-7.567600
-0.881813	-7.811294
-0.881813	-8.073639
-0.881813	-8.331112
-0.881813	-8.555343
-0.881813	-8.780161
-0.881813	-8.992576
-0.881813	-9.159886
-0.881813	-9.261162
-0.881813	-9.428183
-0.881813	-9.547114
-0.881813	-9.658378
-0.881813	-9.765121
-0.881813	-9.864458
-0.881813	-9.974122
-0.881813	-10.060920
-0.881813	-10.096132
-0.881813	-10.178928
-0.881813	-10.237934
-0.881813	-10.281309
-0.881813	-10.330009
-0.881813	-10.373376
-0.881813	-10.392296
-0.881813	-10.424402
-0.881813	-10.464043
-0.881813	-10.480825
-0.881813	-10.491930
-0.881813	-10.540283
-0.881813	-10.537412
-0.881813	-10.598596
-0.881813	-10.615111
-0.881813	-10.573690
-0.881813	-10.605006
-0.881813	-10.644538
-0.881813	-10.617755
-0.881813	-10.650127
-0.881813	-10.642672
-0.881813	-10.687846
-0.881813	-10.687353
-0.881813	-10.697689
-0.881813	-10.673940
-0.881813	-10.669930
-0.881813	-10.709952
-0.881813	-10.693087
-0.881813	-10.716899
-0.881813	-10.682157
-0.881813	-10.694244
-0.881813	-10.688929
-0.881813	-10.716338
-0.881813	-10.712326
-0.881813	-10.710557
-0.881813	-10.682994
-0.881813	-10.725119
-0.881813	-10.719050
-0.881813	-10.692791
-0.627896	-10.707436
-0.627896	-10.699555
-0.627896	-10.733615
-0.627896	-10.636236
-0.627896	-10.572774
-0.627896	-10.423654
-0.627896	-10.351789
-0.627896	-10.257766
-0.627896	-10.147367
-0.627896	-10.072729
-0.627896	-9.997229
-0.627896	-9.930318
-0.627896	-9.919397
-0.627896	-9.868997
-0.627896	-9.793400
-0.627896	-9.744130
-0.627896	-9.742327
-0.627896	-9.693465
-0.627896	-9.653857
-0.627896	-9.669424
-0.627896	-9.647027
-0.627896	-9.639490
-0.627896	-9.605596
-0.627896	-9.588984
-0.627896	-9.581813
-0.627896	-9.579112
-0.627896	-9.554380
-0.627896	-9.546926
-0.627896	-9.512546
-0.627896	-9.509750
-0.627896	-9.530081
-0.627896	-9.507929
-0.627896	-9.473975
-0.627896	-9.503537
-0.627896	-9.515170
-0.627896	-9.502565
-0.627896	-9.488918
-0.627896	-9.473751
-0.627896	-9.470126
-0.627896	-9.456353
-0.627896	-9.497008
-0.627896	-9.463396
-0.627896	-9.444942
-0.627896	-9.494360
-0.627896	-9.489582
-0.627896	-9.442801
-0.627896	-9.470483
-0.627896	-9.454621
-0.627896	-9.468394
-0.627896	-9.486370
-0.627896	-9.471225
-0.627896	-9.447267
-0.627896	-9.441572
-0.627896	-9.453405
-0.627896	-9.484554
-0.627896	-9.473908
-0.627896	-9.424838
-0.627896	-9.435958
-0.627896	-9.475813
-0.627896	-9.452261
-0.627896	-9.453977
-0.627896	-9.446655
-0.627896	-9.427137
-0.627896	-9.478445
-0.627896	-9.455533
-0.627896	-9.457204
-0.627896	-9.475756
-0.627896	-9.460140
-0.627896	-9.448304
-0.627896	-9.477276
-0.627896	-9.422605
-0.627896	-9.475340
-0.627896	-9.454603
-0.627896	-9.435681
-0.627896	-9.451144
-0.627896	-9.464378
-0.627896	-9.478643
-0.627896	-9.462494
-0.627896	-9.472133
-0.627896	-9.441129
0.948868	-9.424916
0.948868	-9.426184
0.948868	-9.426184
0.948868	-7.625488
0.948868	-4.946879
0.948868	-2.985980
0.948868	-1.706823
0.948868	-0.865756
0.948868	-0.374868
0.948868	-0.037841
0.948868	0.229858
0.948868	0.358419
0.948868	0.511817
0.948868	0.593447
0.948868	0.631182
0.948868	0.675281
0.948868	0.720284
0.948868	0.795160
0.948868	0.780489
0.948868	0.836506
0.948868	0.803056
0.948868	0.853555
0.948868	0.846944
0.948868	0.854613
0.948868	0.851651
0.948868	0.900894
0.948868	0.866834
0.948868	0.909153
0.948868	0.859541
0.948868	0.870926
0.948868	0.911227
0.948868	0.867380
0.948868	0.887615
0.948868	0.886054
0.948868	0.876787
0.948868	0.912163
0.948868	0.903237
0.948868	0.910250
0.948868	0.915407
0.948868	0.920112
0.948868	0.931111
0.948868	0.907988
0.948868	0.904885
0.948868	0.899024
0.948868	0.914004
0.948868	0.895488
0.948868	0.925616
0.948868	0.928396
0.948868	0.932839
0.948868	0.918153
0.948868	0.886551
0.948868	0.891744
0.948868	0.885912
0.948868	0.943072
0.948868	0.899772
0.948868	0.925565
0.948868	0.908775
0.948868	0.915374
0.948868	0.889251
0.948868	0.905231
0.948868	0.928328
0.948868	0.907490
0.948868	0.936290
0.948868	0.926124
0.948868	0.932493
0.948868	0.915424
0.948868	0.906813
0.948868	0.937406
0.948868	0.925117
0.948868	0.910708
0.948868	0.903690
0.948868	0.916694
0.948868	0.891812
0.948868	0.941208
0.948868	0.939663
0.948868	0.895539
0.948868	0.928261
0.948868	0.924109
0.948868	0.939799
0.948868	0.926187
-0.375181	0.886497
-0.375181	0.916393
-0.375181	0.919868
-0.375181	0.922903
-0.375181	0.846977
-0.375181	0.821354
-0.375181	0.694465
-0.375181	0.577086
-0.375181	0.475847
-0.375181	0.310976
-0.375181	0.072588
-0.375181	-0.121322
-0.375181	-0.374823
-0.375181	-0.595737
-0.375181	-0.848781
-0.375181	-1.151322
-0.375181	-1.435619
-0.375181	-1.742956
-0.375181	-1.985409
-0.375181	-2.245946
-0.375181	-2.518754
-0.375181	-2.821021
-0.375181	-3.074213
-0.375181	-3.286537
-0.375181	-3.496223
-0.375181	-3.745195
-0.375181	-3.911454
-0.375181	-4.111961
-0.375181	-4.264031
-0.375181	-4.427415
-0.375181	-4.578593
-0.375181	-4.710992
-0.375181	-4.805487
-0.375181	-4.922990
-0.375181	-5.031959
-0.375181	-5.109326
-0.375181	-5.206739
-0.375181	-5.270281
-0.375181	-5.354549
-0.375181	-5.374130
-0.375181	-5.426668
-0.375181	-5.526116
-0.375181	-5.566864
-0.375181	-5.594441
-0.375181	-5.591121
-0.375181	-5.674249
-0.375181	-5.652764
-0.375181	-5.732485
-0.375181	-5.746903
-0.375181	-5.725516
-0.375181	-5.759336
-0.375181	-5.803292
-0.375181	-5.798117
-0.375181	-5.798219
-0.375181	-5.856908
-0.375181	-5.815214
-0.375181	-5.852467
-0.375181	-5.847272
-0.375181	-5.869252
-0.375181	-5.855387
-0.375181	-5.905361
-0.375181	-5.905024
-0.375181	-5.916806
-0.375181	-5.912155
-0.375181	-5.870252
-0.375181	-5.899699
-0.375181	-5.907729
-0.375181	-5.926246
-0.375181	-5.941268
-0.375181	-5.927338
-0.375181	-5.924357
-0.375181	-5.940289
-0.375181	-5.940927
-0.375181	-5.897288
-0.375181	-5.926167
-0.375181	-5.934311
-0.375181	-5.936993
-0.375181	-5.901999
-0.375181	-5.945203
-0.375181	-5.941605
0.334539	-5.917321
0.334539	-5.950676
0.334539	-5.956223
0.334539	-4.988833
0.334539	-3.463427
0.334539	-2.272938
0.334539	-1.401554
0.334539	-0.849781
0.334539	-0.427863
0.334539	-0.157697
0.334539	0.048006
0.334539	0.222500
0.334539	0.365621
0.334539	0.429203
0.334539	0.504129
0.334539	0.561376
0.334539	0.582370
0.334539	0.620176
0.334539	0.688872
0.334539	0.672719
0.334539	0.740949
0.334539	0.720917
0.334539	0.712840
0.334539	0.741457
0.334539	0.768002
0.334539	0.759482
0.334539	0.768746
0.334539	0.815053
0.334539	0.770579
0.334539	0.776614
0.334539	0.812774
0.334539	0.806236
0.334539	0.799415
0.334539	0.793365
0.334539	0.810980
0.334539	0.810016
0.334539	0.806367
0.334539	0.849993
0.334539	0.833076
0.334539	0.808417
0.334539	0.797003
0.334539	0.817508
0.334539	0.818910
0.334539	0.802800
0.334539	0.815091
0.334539	0.817977
0.334539	0.806278
0.334539	0.850359
0.334539	0.836921
0.334539	0.862517
0.334539	0.804281
0.334539	0.821398
0.334539	0.832579
0.334539	0.830754
0.334539	0.850991
0.334539	0.832373
0.334539	0.851137
0.334539	0.815078
0.334539	0.853900
0.334539	0.824730
0.334539	0.858664
0.334539	0.812735
0.334539	0.816882
0.334539	0.860433
0.334539	0.818183
0.334539	0.816428
0.334539	0.863292
0.334539	0.855370
0.334539	0.810537
0.334539	0.853474
0.334539	0.859486
0.334539	0.812080
0.334539	0.814515
0.334539	0.852002
0.334539	0.819307
0.334539	0.809995
0.334539	0.861196
0.334539	0.814864
0.334539	0.823272
0.334539	0.841609
0.591895	0.849976
0.591895	0.845771
0.591895	0.818623
0.591895	0.838956
0.591895	0.863456
0.591895	0.856362
0.591895	0.834956
0.591895	0.859161
0.591895	0.877166
0.591895	0.862686
0.591895	0.854823
0.591895	0.886849
0.591895	0.886159
0.591895	0.876189
0.591895	0.857853
0.591895	0.865757
0.591895	0.880731
0.591895	0.895865
0.591895	0.867512
0.591895	0.904506
0.591895	0.890317
0.591895	0.886226
0.591895	0.920556
0.591895	0.916001
0.591895	0.915724
0.591895	0.921123
0.591895	0.903424
0.591895	0.871836
0.591895	0.914886
0.591895	0.893571
0.591895	0.912137
0.591895	0.912677
0.591895	0.882753
0.591895	0.894801
0.591895	0.917044
0.591895	0.878838
0.591895	0.903406
0.591895	0.929450
0.591895	0.889575
0.591895	0.916004
0.591895	0.909948
0.591895	0.884647
0.591895	0.915115
0.591895	0.915409
0.591895	0.919995
0.591895	0.877069
0.591895	0.890307
0.591895	0.901680
0.591895	0.928013
0.591895	0.892323
0.591895	0.877080
0.591895	0.894071
0.591895	0.918852
0.591895	0.893840
0.591895	0.903892
0.591895	0.917214
0.591895	0.891814
0.591895	0.923721
0.591895	0.906192
0.591895	0.910701
0.591895	0.896411
0.591895	0.916272
0.591895	0.893745
0.591895	0.928906
0.591895	0.873912
0.591895	0.906242
0.591895	0.928612
0.591895	0.915487
0.591895	0.918612
0.591895	0.875540
0.591895	0.916976
0.591895	0.908896
0.591895	0.904137
0.591895	0.916752
0.591895	0.900151
0.591895	0.912030
0.591895	0.909618
0.591895	0.900245
0.591895	0.907449
0.591895	0.879907
-0.014366	0.930685
-0.014366	0.889375
-0.014366	0.901789
-0.014366	0.893393
-0.014366	0.892896
-0.014366	0.848728
-0.014366	0.800128
-0.014366	0.751549
-0.014366	0.729418
-0.014366	0.658379
-0.014366	0.642518
-0.014366	0.602821
-0.014366	0.523870
-0.014366	0.517995
-0.014366	0.479818
-0.014366	0.415678
-0.014366	0.372477
-0.014366	0.321463
-0.014366	0.288167
-0.014366	0.242080
-0.014366	0.206880
-0.014366	0.225196
-0.014366	0.188772
-0.014366	0.147921
-0.014366	0.152417
-0.014366	0.104421
-0.014366	0.056749
-0.014366	0.051647
-0.014366	0.046089
-0.014366	0.032830
-0.014366	0.027273
-0.014366	-0.008528
-0.014366	-0.012586
-0.014366	-0.012832
-0.014366	-0.038888
-0.014366	-0.004303
-0.014366	-0.039166
-0.014366	-0.038873
-0.014366	-0.076259
-0.014366	-0.041406
-0.014366	-0.037657
-0.014366	-0.038889
-0.014366	-0.078895
-0.014366	-0.058926
-0.014366	-0.098635
-0.014366	-0.060269
-0.014366	-0.107080
-0.014366	-0.103352
-0.014366	-0.086728
-0.014366	-0.090535
-0.014366	-0.114889
-0.014366	-0.066159
-0.014366	-0.075887
-0.014366	-0.068773
-0.014366	-0.085193
-0.014366	-0.085469
-0.014366	-0.108347
-0.014366	-0.089172
-0.014366	-0.107586
-0.014366	-0.083574
-0.014366	-0.102992
-0.014366	-0.120110
-0.014366	-0.088027
-0.014366	-0.082267
-0.014366	-0.108324
-0.014366	-0.106466
-0.014366	-0.088577
-0.014366	-0.130190
-0.014366	-0.119922
-0.014366	-0.073940
-0.014366	-0.087234
-0.014366	-0.112777
-0.014366	-0.105693
-0.014366	-0.120433
-0.014366	-0.120034
-0.014366	-0.126958
-0.014366	-0.126461
-0.014366	-0.079985
-0.014366	-0.116835
-0.014366	-0.122970
0.546905	-0.097574
0.546905	-0.118950
0.546905	-0.089600
0.546905	0.018429
0.546905	0.150729
0.546905	0.322254
0.546905	0.430777
0.546905	0.517919
0.546905	0.604402
0.546905	0.675183
0.546905	0.715926
0.546905	0.731846
0.546905	0.780274
0.546905	0.763697
0.546905	0.773924
0.546905	0.804298
0.546905	0.814328
0.546905	0.855947
0.546905	0.829823
0.546905	0.829499
0.546905	0.829430
0.546905	0.848458
0.546905	0.852529
0.546905	0.863722
0.546905	0.884454
0.546905	0.851169
0.546905	0.856629
0.546905	0.883244
0.546905	0.887416
0.546905	0.853255
0.546905	0.874339
0.546905	0.863357
0.546905	0.891140
0.546905	0.880394
0.546905	0.860816
0.546905	0.883076
0.546905	0.861098
0.546905	0.860970
0.546905	0.918224
0.546905	0.894798
0.546905	0.887921
0.546905	0.884424
0.546905	0.912219
0.546905	0.884424
0.546905	0.884002
0.546905	0.871889
0.546905	0.921205
0.546905	0.883353
0.546905	0.904421
0.546905	0.898838
0.546905	0.921007
0.546905	0.882333
0.546905	0.876233
0.546905	0.870418
0.546905	0.900757
0.546905	0.894007
0.546905	0.893578
0.546905	0.889265
0.546905	0.872362
0.546905	0.867012
0.546905	0.887744
0.546905	0.880400
0.546905	0.867943
0.546905	0.869684
0.546905	0.888830
0.546905	0.868174
0.546905	0.910435
0.546905	0.879745
0.546905	0.923233
0.546905	0.909650
0.546905	0.889872
0.546905	0.898434
0.546905	0.910806
0.546905	0.884026
0.546905	0.897237
0.546905	0.924048
0.546905	0.904455
0.546905	0.918386
0.546905	0.920543
0.546905	0.878587
-0.161083	0.911778
-0.161083	0.902491
-0.161083	0.913469
-0.161083	0.895262
-0.161083	0.872378
-0.161083	0.820050
-0.161083	0.708062
-0.161083	0.635944
-0.161083	0.557784
-0.161083	0.513090
-0.161083	0.407721
-0.161083	0.297148
-0.161083	0.162112
-0.161083	0.046105
-0.161083	-0.081977
-0.161083	-0.157211
-0.161083	-0.275218
-0.161083	-0.410938
-0.161083	-0.488993
-0.161083	-0.606715
-0.161083	-0.731185
-0.161083	-0.798043
-0.161083	-0.911333
-0.161083	-0.978182
-0.161083	-1.020325
-0.161083	-1.145302
-0.161083	-1.192778
-0.161083	-1.262052
-0.161083	-1.323354
-0.161083	-1.366904
-0.161083	-1.397039
-0.161083	-1.410342
-0.161083	-1.487469
-0.161083	-1.529097
-0.161083	-1.543052
-0.161083	-1.589305
-0.161083	-1.583715
-0.161083	-1.644284
-0.161083	-1.670819
-0.161083	-1.646285
-0.161083	-1.700189
-0.161083	-1.701933
-0.161083	-1.708267
-0.161083	-1.744028
-0.161083	-1.759358
-0.161083	-1.734915
-0.161083	-1.776521
-0.161083	-1.774427
-0.161083	-1.756382
-0.161083	-1.760511
-0.161083	-1.777705
-0.161083	-1.762505
-0.161083	-1.775961
-0.161083	-1.802915
-0.161083	-1.827573
-0.161083	-1.821186
-0.161083	-1.828360
-0.161083	-1.777801
-0.161083	-1.781445
-0.161083	-1.836191
-0.161083	-1.790385
-0.161083	-1.843683
-0.161083	-1.839110
-0.161083	-1.808104
-0.161083	-1.805027
-0.161083	-1.838521
-0.161083	-1.819676
-0.161083	-1.849757
-0.161083	-1.794669
-0.161083	-1.795318
-0.161083	-1.840159
-0.161083	-1.833654
-0.161083	-1.843063
-0.161083	-1.829752
-0.161083	-1.811583
-0.161083	-1.835443
-0.161083	-1.826371
-0.161083	-1.813724
-0.161083	-1.819373
-0.161083	-1.815366
0.682553	-1.821647
0.682553	-1.802802
0.682553	-1.803157
0.682553	-1.486494
0.682553	-0.879308
0.682553	-0.442024
0.682553	-0.079716
0.682553	0.135057
0.682553	0.315353
0.682553	0.474324
0.682553	0.523178
0.682553	0.649899
0.682553	0.654831
0.682553	0.739931
0.682553	0.749329
0.682553	0.765276
0.682553	0.794376
0.682553	0.791214
0.682553	0.820545
0.682553	0.807744
0.682553	0.869662
0.682553	0.829247
0.682553	0.853973
0.682553	0.879281
0.682553	0.844175
0.682553	0.896592
0.682553	0.850571
0.682553	0.884954
0.682553	0.870802
0.682553	0.912893
0.682553	0.874290
0.682553	0.912067
0.682553	0.883599
0.682553	0.924683
0.682553	0.912356
0.682553	0.881935
0.682553	0.887861
0.682553	0.884033
0.682553	0.874604
0.682553	0.905250
0.682553	0.903457
0.682553	0.896079
0.682553	0.929096
0.682553	0.917455
0.682553	0.926456
0.682553	0.934183
0.682553	0.927709
0.682553	0.918676
0.682553	0.911741
0.682553	0.930676
0.682553	0.895747
0.682553	0.914964
0.682553	0.906062
0.682553	0.880326
0.682553	0.929961
0.682553	0.924955
0.682553	0.929051
0.682553	0.890312
0.682553	0.912887
0.682553	0.925298
0.682553	0.910561
0.682553	0.917718
0.682553	0.919617
0.682553	0.920588
0.682553	0.894948
0.682553	0.893444
0.682553	0.894561
0.682553	0.921227
0.682553	0.909644
0.682553	0.909434
0.682553	0.929162
0.682553	0.929258
0.682553	0.892239
0.682553	0.915620
0.682553	0.916460
0.682553	0.883721
0.682553	0.920601
0.682553	0.903416
0.682553	0.926445
0.682553	0.931841
-0.333550	0.903268
-0.333550	0.902034
-0.333550	0.877979
-0.333550	0.873953
-0.333550	0.832590
-0.333550	0.815827
-0.333550	0.703577
-0.333550	0.595458
-0.333550	0.445993
-0.333550	0.319417
-0.333550	0.108558
-0.333550	-0.077274
-0.333550	-0.275447
-0.333550	-0.515602
-0.333550	-0.787446
-0.333550	-0.979721
-0.333550	-1.246435
-0.333550	-1.487842
-0.333550	-1.748124
-0.333550	-1.998570
-0.333550	-2.253197
-0.333550	-2.449608
-0.333550	-2.655715
-0.333550	-2.844858
-0.333550	-3.047992
-0.333550	-3.250755
-0.333550	-3.400189
-0.333550	-3.542791
-0.333550	-3.693552
-0.333550	-3.835427
-0.333550	-3.962477
-0.333550	-4.093478
-0.333550	-4.175217
-0.333550	-4.269192
-0.333550	-4.356757
-0.333550	-4.426885
-0.333550	-4.516814
-0.333550	-4.527782
-0.333550	-4.631606
-0.333550	-4.684988
-0.333550	-4.715477
-0.333550	-4.746108
-0.333550	-4.813144
-0.333550	-4.840462
-0.333550	-4.836985
-0.333550	-4.898889
-0.333550	-4.893391
-0.333550	-4.936540
-0.333550	-4.918618
-0.333550	-4.945364
-0.333550	-4.961102
-0.333550	-4.969414
-0.333550	-5.036867
-0.333550	-5.038056
-0.333550	-5.054828
-0.333550	-5.062796
-0.333550	-5.046711
-0.333550	-5.085830
-0.333550	-5.061202
-0.333550	-5.079783
-0.333550	-5.101795
-0.333550	-5.067539
-0.333550	-5.079000
-0.333550	-5.061244
-0.333550	-5.081746
-0.333550	-5.123331
-0.333550	-5.067007
-0.333550	-5.124240
-0.333550	-5.121106
-0.333550	-5.101780
-0.333550	-5.100356
-0.333550	-5.095345
-0.333550	-5.090579
-0.333550	-5.121456
-0.333550	-5.137616
-0.333550	-5.085253
-0.333550	-5.087240
-0.333550	-5.118375
-0.333550	-5.120780
-0.333550	-5.140236
0.020434	-5.089785
0.020434	-5.095668
0.020434	-5.120809
0.020434	-4.638813
0.020434	-3.904705
0.020434	-3.132021
0.020434	-2.535192
0.020434	-2.035403
0.020434	-1.686986
0.020434	-1.376545
0.020434	-1.139931
0.020434	-0.921181
0.020434	-0.785996
0.020434	-0.665609
0.020434	-0.566483
0.020434	-0.481191
0.020434	-0.392448
0.020434	-0.336863
0.020434	-0.270044
0.020434	-0.196748
0.020434	-0.171983
0.020434	-0.107475
0.020434	-0.110059
0.020434	-0.095621
0.020434	-0.035459
0.020434	-0.031355
0.020434	0.016543
0.020434	-0.001978
0.020434	0.007390
0.020434	0.049817
0.020434	0.016600
0.020434	0.043110
0.020434	0.061184
0.020434	0.051665
0.020434	0.077935
0.020434	0.106085
0.020434	0.095618
0.020434	0.105399
0.020434	0.100790
0.020434	0.070188
0.020434	0.108782
0.020434	0.101872
0.020434	0.098200
0.020434	0.119464
0.020434	0.129358
0.020434	0.124188
0.020434	0.126685
0.020434	0.135847
0.020434	0.105119
0.020434	0.137819
0.020434	0.132090
0.020434	0.096534
0.020434	0.106864
0.020434	0.153263
0.020434	0.153892
0.020434	0.125280
0.020434	0.139119
0.020434	0.140627
0.020434	0.152277
0.020434	0.101777
0.020434	0.110300
0.020434	0.120446
0.020434	0.147162
0.020434	0.120760
0.020434	0.154251
0.020434	0.108565
0.020434	0.118680
0.020434	0.129315
0.020434	0.135717
0.020434	0.141542
0.020434	0.138312
0.020434	0.153346
0.020434	0.146591
0.020434	0.112689
0.020434	0.114985
0.020434	0.112828
0.020434	0.107567
0.020434	0.133430
0.020434	0.120823
0.020434	0.124385
-0.561143	0.102607
-0.561143	0.152822
-0.561143	0.103172
-0.561143	0.050577
-0.561143	-0.140217
-0.561143	-0.410464
-0.561143	-0.687656
-0.561143	-1.047986
-0.561143	-1.433765
-0.561143	-1.789508
-0.561143	-2.211179
-0.561143	-2.590419
-0.561143	-2.978012
-0.561143	-3.404217
-0.561143	-3.775931
-0.561143	-4.148583
-0.561143	-4.511669
-0.561143	-4.837780
-0.561143	-5.155353
-0.561143	-5.460625
-0.561143	-5.769412
-0.561143	-6.044962
-0.561143	-6.310593
-0.561143	-6.524091
-0.561143	-6.703064
-0.561143	-6.909986
-0.561143	-7.098106
-0.561143	-7.256652
-0.561143	-7.395446
-0.561143	-7.563894
-0.561143	-7.682938
-0.561143	-7.790211
-0.561143	-7.895088
-0.561143	-7.958241
-0.561143	-8.056832
-0.561143	-8.117876
-0.561143	-8.172465
-0.561143	-8.245409
-0.561143	-8.342476
-0.561143	-8.361498
-0.561143	-8.419662
-0.561143	-8.462165
-0.561143	-8.470944
-0.561143	-8.532293
-0.561143	-8.540428
-0.561143	-8.544104
-0.561143	-8.597791
-0.561143	-8.641478
-0.561143	-8.634095
-0.561143	-8.625696
-0.561143	-8.689269
-0.561143	-8.697726
-0.561143	-8.692638
-0.561143	-8.700987
-0.561143	-8.731702
-0.561143	-8.700863
-0.561143	-8.754642
-0.561143	-8.750424
-0.561143	-8.735858
-0.561143	-8.722331
-0.561143	-8.720840
-0.561143	-8.767392
-0.561143	-8.774749
-0.561143	-8.786991
-0.561143	-8.739808
-0.561143	-8.745897
-0.561143	-8.787808
-0.561143	-8.797225
-0.561143	-8.792157
-0.561143	-8.760810
-0.561143	-8.791101
-0.561143	-8.752895
-0.561143	-8.760190
-0.561143	-8.766204
-0.561143	-8.806485
-0.561143	-8.813940
-0.561143	-8.802033
-0.561143	-8.803916
-0.561143	-8.769974
-0.561143	-8.792439
0.866039	-8.795352
0.866039	-8.780521
0.866039	-8.796663
0.866039	-7.100837
0.866039	-4.655991
0.866039	-2.766906
0.866039	-1.607063
0.866039	-0.788554
0.866039	-0.326461
0.866039	0.018367
0.866039	0.230147
0.866039	0.420094
0.866039	0.529919
0.866039	0.582569
0.866039	0.667965
0.866039	0.681683
0.866039	0.760525
0.866039	0.738227
0.866039	0.801407
0.866039	0.780026
0.866039	0.812724
0.866039	0.810214
0.866039	0.857644
0.866039	0.858842
0.866039	0.854196
0.866039	0.850263
0.866039	0.866027
0.866039	0.865830
0.866039	0.907858
0.866039	0.905808
0.866039	0.880164
0.866039	0.871844
0.866039	0.868385
0.866039	0.900032
0.866039	0.913566
0.866039	0.908325
0.866039	0.902627
0.866039	0.892452
0.866039	0.876833
0.866039	0.908212
0.866039	0.882287
0.866039	0.917632
0.866039	0.882318
0.866039	0.903905
0.866039	0.917690
0.866039	0.933590
0.866039	0.887935
0.866039	0.908856
0.866039	0.918907
0.866039	0.897365
0.866039	0.897955
0.866039	0.886592
0.866039	0.913429
0.866039	0.920457
0.866039	0.907892
0.866039	0.903137
0.866039	0.884017
0.866039	0.908407
0.866039	0.933873
0.866039	0.883591
0.866039	0.899749
0.866039	0.894629
0.866039	0.921520
0.866039	0.885398
0.866039	0.899643
0.866039	0.890914
0.866039	0.894978
0.866039	0.900163
0.866039	0.923660
0.866039	0.931725
0.866039	0.893024
0.866039	0.911739
0.866039	0.921251
0.866039	0.933340
0.866039	0.916396
0.866039	0.895822
0.866039	0.913175
0.866039	0.901644
0.866039	0.929471
0.866039	0.905587
-0.482395	0.896920
-0.482395	0.934438
-0.482395	0.942483
-0.482395	0.882004
-0.482395	0.857932
-0.482395	0.813570
-0.482395	0.664815
-0.482395	0.560135
-0.482395	0.406853
-0.482395	0.203958
-0.482395	-0.013768
-0.482395	-0.291085
-0.482395	-0.578669
-0.482395	-0.915218
-0.482395	-1.240717
-0.482395	-1.549930
-0.482395	-1.894855
-0.482395	-2.307457
-0.482395	-2.622501
-0.482395	-3.011901
-0.482395	-3.323827
-0.482395	-3.675124
-0.482395	-3.972627
-0.482395	-4.308444
-0.482395	-4.599993
-0.482395	-4.856576
-0.482395	-5.084643
-0.482395	-5.329819
-0.482395	-5.591244
-0.482395	-5.793198
-0.482395	-5.923928
-0.482395	-6.106385
-0.482395	-6.288636
-0.482395	-6.431233
-0.482395	-6.572299
-0.482395	-6.688554
-0.482395	-6.763133
-0.482395	-6.883345
-0.482395	-6.949026
-0.482395	-7.049405
-0.482395	-7.121824
-0.482395	-7.176744
-0.482395	-7.269978
-0.482395	-7.307676
-0.482395	-7.319666
-0.482395	-7.379777
-0.482395	-7.406011
-0.482395	-7.451328
-0.482395	-7.474580
-0.482395	-7.532664
-0.482395	-7.565972
-0.482395	-7.546000
-0.482395	-7.621703
-0.482395	-7.613052
-0.482395	-7.650127
-0.482395	-7.661387
-0.482395	-7.647158
-0.482395	-7.640562
-0.482395	-7.685569
-0.482395	-7.697554
-0.482395	-7.709064
-0.482395	-7.687292
-0.482395	-7.680940
-0.482395	-7.718711
-0.482395	-7.713683
-0.482395	-7.696184
-0.482395	-7.740601
-0.482395	-7.708458
-0.482395	-7.724738
-0.482395	-7.720300
-0.482395	-7.723219
-0.482395	-7.718444
-0.482395	-7.761049
-0.482395	-7.776798
-0.482395	-7.739755
-0.482395	-7.758945
-0.482395	-7.761729
-0.482395	-7.761935
-0.482395	-7.746560
-0.482395	-7.772362
0.383251	-7.752457
0.383251	-7.732703
0.383251	-7.750287
0.383251	-6.468367
0.383251	-4.396133
0.383251	-2.857738
0.383251	-1.752813
0.383251	-1.009218
0.383251	-0.505947
0.383251	-0.199650
0.383251	0.063062
0.383251	0.199830
0.383251	0.344205
0.383251	0.460809
0.383251	0.498403
0.383251	0.574574
0.383251	0.628806
0.383251	0.656788
0.383251	0.690207
0.383251	0.693123
0.383251	0.735835
0.383251	0.738004
0.383251	0.771486
0.383251	0.764336
0.383251	0.796927
0.383251	0.776608
0.383251	0.780160
0.383251	0.804034
0.383251	0.833127
0.383251	0.851351
0.383251	0.844078
0.383251	0.849291
0.383251	0.855076
0.383251	0.811134
0.383251	0.832579
0.383251	0.823885
0.383251	0.856629
0.383251	0.842678
0.383251	0.840450
0.383251	0.869372
0.383251	0.827974
0.383251	0.869219
0.383251	0.832939
0.383251	0.823944
0.383251	0.864795
0.383251	0.835819
0.383251	0.854118
0.383251	0.874856
0.383251	0.865091
0.383251	0.836534
0.383251	0.843391
0.383251	0.853831
0.383251	0.876071
0.383251	0.852849
0.383251	0.871621
0.383251	0.836543
0.383251	0.874517
0.383251	0.869616
0.383251	0.863553
0.383251	0.880431
0.383251	0.831547
0.383251	0.840020
0.383251	0.877074
0.383251	0.861335
0.383251	0.842108
0.383251	0.839666
0.383251	0.860374
0.383251	0.862324
0.383251	0.877533
0.383251	0.832343
0.383251	0.885260
0.383251	0.868241
0.383251	0.830350
0.383251	0.839296
0.383251	0.881771
0.383251	0.864274
0.383251	0.835815
0.383251	0.841956
0.383251	0.850836
0.383251	0.834335
-0.707958	0.883470
-0.707958	0.867963
-0.707958	0.865496
-0.707958	0.827770
-0.707958	0.761785
-0.707958	0.657137
-0.707958	0.548027
-0.707958	0.325289
-0.707958	0.111195
-0.707958	-0.175722
-0.707958	-0.459186
-0.707958	-0.797041
-0.707958	-1.189315
-0.707958	-1.614446
-0.707958	-2.047771
-0.707958	-2.463180
-0.707958	-2.923657
-0.707958	-3.378359
-0.707958	-3.798859
-0.707958	-4.232465
-0.707958	-4.704255
-0.707958	-5.076954
-0.707958	-5.484535
-0.707958	-5.838306
-0.707958	-6.199133
-0.707958	-6.505690
-0.707958	-6.849581
-0.707958	-7.141348
-0.707958	-7.367355
-0.707958	-7.615985
-0.707958	-7.867240
-0.707958	-8.043969
-0.707958	-8.279128
-0.707958	-8.428435
-0.707958	-8.587866
-0.707958	-8.709531
-0.707958	-8.880362
-0.707958	-8.986678
-0.707958	-9.095669
-0.707958	-9.150242
-0.707958	-9.240490
-0.707958	-9.317558
-0.707958	-9.400163
-0.707958	-9.463409
-0.707958	-9.555617
-0.707958	-9.577773
-0.707958	-9.637918
-0.707958	-9.678386
-0.707958	-9.685761
-0.707958	-9.722653
-0.707958	-9.775694
-0.707958	-9.785093
-0.707958	-9.835648
-0.707958	-9.827621
-0.707958	-9.853683
-0.707958	-9.893311
-0.707958	-9.892243
-0.707958	-9.915624
-0.707958	-9.890340
-0.707958	-9.946793
-0.707958	-9.954701
-0.707958	-9.959347
-0.707958	-9.983447
-0.707958	-9.938842
-0.707958	-9.991391
-0.707958	-9.989978
-0.707958	-10.010503
-0.707958	-9.989074
-0.707958	-9.979789
-0.707958	-10.008998
-0.707958	-9.984437
-0.707958	-10.013676
-0.707958	-9.978305
-0.707958	-9.977611
-0.707958	-10.027547
-0.707958	-10.031321
-0.707958	-10.021962
-0.707958	-10.034145
-0.707958	-9.997799
-0.707958	-10.035854
-0.647611	-10.007144
-0.647611	-9.997083
-0.647611	-10.027873
-0.647611	-9.996202
-0.647611	-9.994472
-0.647611	-9.949350
-0.647611	-9.900736
-0.647611	-9.850270
-0.647611	-9.839081
-0.647611	-9.808808
-0.647611	-9.779939
-0.647611	-9.791734
-0.647611	-9.758263
-0.647611	-9.765633
-0.647611	-9.705799
-0.647611	-9.694246
-0.647611	-9.728684
-0.647611	-9.692672
-0.647611	-9.714538
-0.647611	-9.686685
-0.647611	-9.696540
-0.647611	-9.679773
-0.647611	-9.655853
-0.647611	-9.639227
-0.647611	-9.638609
-0.647611	-9.657809
-0.647611	-9.634365
-0.647611	-9.642918
-0.647611	-9.649611
-0.647611	-9.650715
-0.647611	-9.639545
-0.647611	-9.610616
-0.647611	-9.603079
-0.647611	-9.640101
-0.647611	-9.636202
-0.647611	-9.606058
-0.647611	-9.625909
-0.647611	-9.621845
-0.647611	-9.593990
-0.647611	-9.601089
-0.647611	-9.592724
-0.647611	-9.637814
-0.647611	-9.616747
-0.647611	-9.634670
-0.647611	-9.639140
-0.647611	-9.636311
-0.647611	-9.641220
-0.647611	-9.601257
-0.647611	-9.628324
-0.647611	-9.622666
-0.647611	-9.615944
-0.647611	-9.635144
-0.647611	-9.639784
-0.647611	-9.641923
-0.647611	-9.593402
-0.647611	-9.600868
-0.647611	-9.620241
-0.647611	-9.587403
-0.647611	-9.606292
-0.647611	-9.629971
-0.647611	-9.638344
-0.647611	-9.640888
-0.647611	-9.618023
-0.647611	-9.601641
-0.647611	-9.606649
-0.647611	-9.593212
-0.647611	-9.626695
-0.647611	-9.590397
-0.647611	-9.594748
-0.647611	-9.619688
-0.647611	-9.597194
-0.647611	-9.592707
-0.647611	-9.591489
-0.647611	-9.597157
-0.647611	-9.612445
-0.647611	-9.634555
-0.647611	-9.627245
-0.647611	-9.638401
-0.647611	-9.615202
-0.647611	-9.587259
-0.402185	-9.623316
-0.402185	-9.611931
-0.402185	-9.611976
-0.402185	-9.454845
-0.402185	-9.177138
-0.402185	-8.867697
-0.402185	-8.632082
-0.402185	-8.328218
-0.402185	-8.156608
-0.402185	-7.922775
-0.402185	-7.751605
-0.402185	-7.613326
-0.402185	-7.464494
-0.402185	-7.368707
-0.402185	-7.293115
-0.402185	-7.201155
-0.402185	-7.089995
-0.402185	-7.011544
-0.402185	-6.946255
-0.402185	-6.930893
-0.402185	-6.869474
-0.402185	-6.797178
-0.402185	-6.751693
-0.402185	-6.714228
-0.402185	-6.710833
-0.402185	-6.682961
-0.402185	-6.677353
-0.402185	-6.615389
-0.402185	-6.604307
-0.402185	-6.604503
-0.402185	-6.581594
-0.402185	-6.585004
-0.402185	-6.542438
-0.402185	-6.528628
-0.402185	-6.541918
-0.402185	-6.540010
-0.402185	-6.483836
-0.402185	-6.473772
-0.402185	-6.469609
-0.402185	-6.460128
-0.402185	-6.509536
-0.402185	-6.483680
-0.402185	-6.491971
-0.402185	-6.481147
-0.402185	-6.451617
-0.402185	-6.475620
-0.402185	-6.488300
-0.402185	-6.443415
-0.402185	-6.483126
-0.402185	-6.438300
-0.402185	-6.427554
-0.402185	-6.470710
-0.402185	-6.434112
-0.402185	-6.447464
-0.402185	-6.461076
-0.402185	-6.426344
-0.402185	-6.461724
-0.402185	-6.424551
-0.402185	-6.459128
-0.402185	-6.466158
-0.402185	-6.413181
-0.402185	-6.469078
-0.402185	-6.469963
-0.402185	-6.443833
-0.402185	-6.443489
-0.402185	-6.418410
-0.402185	-6.437221
-0.402185	-6.438976
-0.402185	-6.448811
-0.402185	-6.439893
-0.402185	-6.453357
-0.402185	-6.429524
-0.402185	-6.418934
-0.402185	-6.460627
-0.402185	-6.431064
-0.402185	-6.426744
-0.402185	-6.443773
-0.402185	-6.409542
-0.402185	-6.448193
-0.402185	-6.444666
0.477954	-6.446353
0.477954	-6.409545
0.477954	-6.444245
0.477954	-5.338896
0.477954	-3.557021
0.477954	-2.199335
0.477954	-1.309805
0.477954	-0.711660
0.477954	-0.269284
0.477954	-0.001728
0.477954	0.216563
0.477954	0.332403
0.477954	0.465620
0.477954	0.513614
0.477954	0.621916
0.477954	0.657734
0.477954	0.701646
0.477954	0.716254
0.477954	0.736747
0.477954	0.746684
0.477954	0.758619
0.477954	0.809995
0.477954	0.816216
0.477954	0.835090
0.477954	0.815963
0.477954	0.824471
0.477954	0.850973
0.477954	0.842262
0.477954	0.850072
0.477954	0.835421
0.477954	0.859058
0.477954	0.847284
0.477954	0.863003
0.477954	0.883139
0.477954	0.842387
0.477954	0.881495
0.477954	0.851890
0.477954	0.884629
0.477954	0.845468
0.477954	0.877061
0.477954	0.873685
0.477954	0.902157
0.477954	0.889518
0.477954	0.879929
0.477954	0.906474
0.477954	0.888150
0.477954	0.910446
0.477954	0.900932
0.477954	0.869282
0.477954	0.856932
0.477954	0.879853
0.477954	0.860509
0.477954	0.873757
0.477954	0.876354
0.477954	0.876862
0.477954	0.900590
0.477954	0.881808
0.477954	0.905987
0.477954	0.910206
0.477954	0.870473
0.477954	0.887941
0.477954	0.871440
0.477954	0.886809
0.477954	0.857795
0.477954	0.869435
0.477954	0.900883
0.477954	0.894912
0.477954	0.883025
0.477954	0.894219
0.477954	0.888463
0.477954	0.908372
0.477954	0.875431
0.477954	0.907218
0.477954	0.876599
0.477954	0.912458
0.477954	0.890250
0.477954	0.877900
0.477954	0.871666
0.477954	0.889648
0.477954	0.903024
0.970248	0.882767
0.970248	0.858633
0.970248	0.857187
0.970248	0.881909
0.970248	0.863432
0.970248	0.906108
0.970248	0.912131
0.970248	0.908637
0.970248	0.900104
0.970248	0.910558
0.970248	0.878782
0.970248	0.898187
0.970248	0.918434
0.970248	0.913493
0.970248	0.924119
0.970248	0.928931
0.970248	0.920070
0.970248	0.931240
0.970248	0.938728
0.970248	0.936559
0.970248	0.907835
0.970248	0.917848
0.970248	0.927354
0.970248	0.925644
0.970248	0.908442
0.970248	0.921581
0.970248	0.886048
0.970248	0.891544
0.970248	0.919844
0.970248	0.910958
0.970248	0.943655
0.970248	0.926058
0.970248	0.943221
0.970248	0.922139
0.970248	0.921660
0.970248	0.893258
0.970248	0.900563
0.970248	0.940860
0.970248	0.925488
0.970248	0.928145
0.970248	0.944747
0.970248	0.896892
0.970248	0.899029
0.970248	0.911274
0.970248	0.894078
0.970248	0.886125
0.970248	0.888147
0.970248	0.892681
0.970248	0.923255
0.970248	0.944825
0.970248	0.924110
0.970248	0.910953
0.970248	0.923940
0.970248	0.928732
0.970248	0.930459
0.970248	0.909272
0.970248	0.886829
0.970248	0.940212
0.970248	0.897698
0.970248	0.905098
0.970248	0.907690
0.970248	0.942573
0.970248	0.887303
0.970248	0.930491
0.970248	0.897269
0.970248	0.898020
0.970248	0.918218
0.970248	0.918856
0.970248	0.928479
0.970248	0.917080
0.970248	0.942680
0.970248	0.913478
0.970248	0.945256
0.970248	0.898580
0.970248	0.890509
0.970248	0.936636
0.970248	0.923699
0.970248	0.913747
0.970248	0.905390
0.970248	0.902329
0.961450	0.924893
0.961450	0.886586
0.961450	0.922251
0.961450	0.922115
0.961450	0.926711
0.961450	0.888628
0.961450	0.914595
0.961450	0.921450
0.961450	0.925253
0.961450	0.940604
0.961450	0.921063
0.961450	0.899724
0.961450	0.900924
0.961450	0.911844
0.961450	0.910719
0.961450	0.901283
0.961450	0.933397
0.961450	0.904840
0.961450	0.930691
0.961450	0.917452
0.961450	0.922254
0.961450	0.889768
0.961450	0.933314
0.961450	0.894770
0.961450	0.929706
0.961450	0.945530
0.961450	0.888496
0.961450	0.891675
0.961450	0.928462
0.961450	0.915169
0.961450	0.889882
0.961450	0.940886
0.961450	0.890140
0.961450	0.920594
0.961450	0.910653
0.961450	0.927295
0.961450	0.924549
0.961450	0.905343
0.961450	0.917612
0.961450	0.913220
0.961450	0.889293
0.961450	0.938932
0.961450	0.930973
0.961450	0.894526
0.961450	0.937145
0.961450	0.897962
0.961450	0.906837
0.961450	0.911333
0.961450	0.935959
0.961450	0.886638
0.961450	0.920764
0.961450	0.937881
0.961450	0.911196
0.961450	0.916497
0.961450	0.922765
0.961450	0.904189
0.961450	0.939464
0.961450	0.887521
0.961450	0.940579
0.961450	0.910420
0.961450	0.901890
0.961450	0.942871
0.961450	0.911193
0.961450	0.929953
0.961450	0.937016
0.961450	0.898889
0.961450	0.910437
0.961450	0.898139
0.961450	0.892781
0.961450	0.912324
0.961450	0.919110
0.961450	0.912802
0.961450	0.917765
0.961450	0.932418
0.961450	0.906298
0.961450	0.921499
0.961450	0.927330
0.961450	0.897518
0.961450	0.903355
0.961450	0.913244
-0.906527	0.917380
-0.906527	0.889253
-0.906527	0.901631
-0.906527	0.891895
-0.906527	0.868835
-0.906527	0.768200
-0.906527	0.673897
-0.906527	0.532272
-0.906527	0.300346
-0.906527	0.058287
-0.906527	-0.205341
-0.906527	-0.551917
-0.906527	-0.880158
-0.906527	-1.306978
-0.906527	-1.735127
-0.906527	-2.168331
-0.906527	-2.667083
-0.906527	-3.099805
-0.906527	-3.617827
-0.906527	-4.097817
-0.906527	-4.550606
-0.906527	-5.013653
-0.906527	-5.476725
-0.906527	-5.886037
-0.906527	-6.249621
-0.906527	-6.621938
-0.906527	-6.974828
-0.906527	-7.326586
-0.906527	-7.627692
-0.906527	-7.908925
-0.906527	-8.217672
-0.906527	-8.410290
-0.906527	-8.640730
-0.906527	-8.844130
-0.906527	-9.076090
-0.906527	-9.233866
-0.906527	-9.354801
-0.906527	-9.538988
-0.906527	-9.612150
-0.906527	-9.768288
-0.906527	-9.872788
-0.906527	-9.975873
-0.906527	-10.015736
-0.906527	-10.115024
-0.906527	-10.163384
-0.906527	-10.245180
-0.906527	-10.272539
-0.906527	-10.372103
-0.906527	-10.362819
-0.906527	-10.428488
-0.906527	-10.438701
-0.906527	-10.494762
-0.906527	-10.501221
-0.906527	-10.564089
-0.906527	-10.586323
-0.906527	-10.591026
-0.906527	-10.639562
-0.906527	-10.630846
-0.906527	-10.618233
-0.906527	-10.663801
-0.906527	-10.660421
-0.906527	-10.667711
-0.906527	-10.676633
-0.906527	-10.689781
-0.906527	-10.718631
-0.906527	-10.697917
-0.906527	-10.706171
-0.906527	-10.722605
-0.906527	-10.709826
-0.906527	-10.747369
-0.906527	-10.752991
-0.906527	-10.745799
-0.906527	-10.762296
-0.906527	-10.728177
-0.906527	-10.763647
-0.906527	-10.733587
-0.906527	-10.781665
-0.906527	-10.754347
-0.906527	-10.738465
-0.906527	-10.750298
0.000923	-10.767016
0.000923	-10.777686
0.000923	-10.785675
0.000923	-9.684897
0.000923	-7.843944
0.000923	-6.147817
0.000923	-4.868352
0.000923	-3.907851
0.000923	-3.132468
0.000923	-2.541628
0.000923	-2.131789
0.000923	-1.751065
0.000923	-1.461354
0.000923	-1.227033
0.000923	-1.095573
0.000923	-0.900962
0.000923	-0.786079
0.000923	-0.687489
0.000923	-0.599780
0.000923	-0.540925
0.000923	-0.433167
0.000923	-0.416193
0.000923	-0.363895
0.000923	-0.320892
0.000923	-0.269963
0.000923	-0.238271
0.000923	-0.199633
0.000923	-0.184037
0.000923	-0.163778
0.000923	-0.139237
0.000923	-0.138925
0.000923	-0.137261
0.000923	-0.111099
0.000923	-0.090004
0.000923	-0.066110
0.000923	-0.066616
0.000923	-0.033533
0.000923	-0.065591
0.000923	-0.023028
0.000923	-0.057923
0.000923	-0.059807
0.000923	-0.043521
0.000923	-0.026549
0.000923	-0.050341
0.000923	-0.023008
0.000923	-0.022517
0.000923	-0.018494
0.000923	-0.040264
0.000923	0.003863
0.000923	-0.020135
0.000923	-0.009521
0.000923	-0.034508
0.000923	0.020591
0.000923	-0.017157
0.000923	0.005038
0.000923	-0.001961
0.000923	0.023613
0.000923	0.009031
0.000923	0.021150
0.000923	0.022621
0.000923	0.001407
0.000923	0.026282
0.000923	0.028456
0.000923	0.014533
0.000923	0.012761
0.000923	0.000687
0.000923	-0.017772
0.000923	-0.016314
0.000923	0.020410
0.000923	-0.008312
0.000923	0.013922
0.000923	0.029245
0.000923	0.006373
0.000923	0.007956
0.000923	0.032939
0.000923	-0.001571
0.000923	-0.004021
0.000923	0.004334
0.000923	-0.018809
0.000923	0.020388
-0.490288	0.028670
-0.490288	-0.004433
-0.490288	-0.001693
-0.490288	-0.088739
-0.490288	-0.259530
-0.490288	-0.546044
-0.490288	-0.831024
-0.490288	-1.157310
-0.490288	-1.532710
-0.490288	-1.840130
-0.490288	-2.234507
-0.490288	-2.595836
-0.490288	-2.937352
-0.490288	-3.278997
-0.490288	-3.637612
-0.490288	-3.962599
-0.490288	-4.276192
-0.490288	-4.552209
-0.490288	-4.869239
-0.490288	-5.133602
-0.490288	-5.360272
-0.490288	-5.571206
-0.490288	-5.812789
-0.490288	-5.999951
-0.490288	-6.190114
-0.490288	-6.324385
-0.490288	-6.462510
-0.490288	-6.604697
-0.490288	-6.723532
-0.490288	-6.845419
-0.490288	-6.939770
-0.490288	-7.041719
-0.490288	-7.127465
-0.490288	-7.215974
-0.490288	-7.262808
-0.490288	-7.314132
-0.490288	-7.381311
-0.490288	-7.470578
-0.490288	-7.471774
-0.490288	-7.507214
-0.490288	-7.570997
-0.490288	-7.613942
-0.490288	-7.645650
-0.490288	-7.638791
-0.490288	-7.705188
-0.490288	-7.711446
-0.490288	-7.698000
-0.490288	-7.760823
-0.490288	-7.736841
-0.490288	-7.742303
-0.490288	-7.801905
-0.490288	-7.770584
-0.490288	-7.809902
-0.490288	-7.823957
-0.490288	-7.833437
-0.490288	-7.837402
-0.490288	-7.850997
-0.490288	-7.830899
-0.490288	-7.862433
-0.490288	-7.826764
-0.490288	-7.869234
-0.490288	-7.879485
-0.490288	-7.867272
-0.490288	-7.869978
-0.490288	-7.861758
-0.490288	-7.866796
-0.490288	-7.858833
-0.490288	-7.847546
-0.490288	-7.851642
-0.490288	-7.879437
-0.490288	-7.890637
-0.490288	-7.884498
-0.490288	-7.850851
-0.490288	-7.885433
-0.490288	-7.884178
-0.490288	-7.886473
-0.490288	-7.870171
-0.490288	-7.872905
-0.490288	-7.857582
-0.490288	-7.855812
-0.276792	-7.894875
-0.276792	-7.900189
-0.276792	-7.872937
-0.276792	-7.678537
-0.276792	-7.303612
-0.276792	-6.887377
-0.276792	-6.519346
-0.276792	-6.200918
-0.276792	-5.924529
-0.276792	-5.724574
-0.276792	-5.479286
-0.276792	-5.318723
-0.276792	-5.181545
-0.276792	-5.036066
-0.276792	-4.894916
-0.276792	-4.811640
-0.276792	-4.683543
-0.276792	-4.624220
-0.276792	-4.526849
-0.276792	-4.466639
-0.276792	-4.418404
-0.276792	-4.401555
-0.276792	-4.338586
-0.276792	-4.287611
-0.276792	-4.290276
-0.276792	-4.254765
-0.276792	-4.202184
-0.276792	-4.188312
-0.276792	-4.167815
-0.276792	-4.123724
-0.276792	-4.118554
-0.276792	-4.119075
-0.276792	-4.093191
-0.276792	-4.059362
-0.276792	-4.094208
-0.276792	-4.040437
-0.276792	-4.048974
-0.276792	-4.042445
-0.276792	-4.049441
-0.276792	-4.045714
-0.276792	-4.015136
-0.276792	-4.021959
-0.276792	-4.014034
-0.276792	-4.000652
-0.276792	-4.028163
-0.276792	-4.017030
-0.276792	-4.017048
-0.276792	-4.014657
-0.276792	-4.011474
-0.276792	-3.982888
-0.276792	-4.020585
-0.276792	-4.004650
-0.276792	-3.995205
-0.276792	-4.006776
-0.276792	-3.964839
-0.276792	-3.973744
-0.276792	-3.957721
-0.276792	-3.992342
-0.276792	-3.992595
-0.276792	-3.992729
-0.276792	-3.959800
-0.276792	-3.962879
-0.276792	-3.977811
-0.276792	-3.955494
-0.276792	-3.985042
-0.276792	-3.959665
-0.276792	-3.953243
-0.276792	-3.979025
-0.276792	-3.967106
-0.276792	-3.977757
-0.276792	-3.967809
-0.276792	-3.984322
-0.276792	-3.961328
-0.276792	-3.951602
-0.276792	-3.988104
-0.276792	-3.964811
-0.276792	-3.978977
-0.276792	-3.970350
-0.276792	-3.968968
-0.276792	-3.974586
-0.042873	-3.984231
-0.042873	-3.988602
-0.042873	-3.976538
-0.042873	-3.755071
-0.042873	-3.300007
-0.042873	-2.836663
-0.042873	-2.457560
-0.042873	-2.120715
-0.042873	-1.852265
-0.042873	-1.663124
-0.042873	-1.472816
-0.042873	-1.283706
-0.042873	-1.199036
-0.042873	-1.064666
-0.042873	-0.959259
-0.042873	-0.900864
-0.042873	-0.833751
-0.042873	-0.780441
-0.042873	-0.698904
-0.042873	-0.687683
-0.042873	-0.621624
-0.042873	-0.593517
-0.042873	-0.572536
-0.042873	-0.570046
-0.042873	-0.497324
-0.042873	-0.512796
-0.042873	-0.475559
-0.042873	-0.476474
-0.042873	-0.447743
-0.042873	-0.465473
-0.042873	-0.419484
-0.042873	-0.394224
-0.042873	-0.421593
-0.042873	-0.382756
-0.042873	-0.383138
-0.042873	-0.368580
-0.042873	-0.370379
-0.042873	-0.395412
-0.042873	-0.397686
-0.042873	-0.355739
-0.042873	-0.341518
-0.042873	-0.364190
-0.042873	-0.372631
-0.042873	-0.385319
-0.042873	-0.363731
-0.042873	-0.372498
-0.042873	-0.361402
-0.042873	-0.362486
-0.042873	-0.351366
-0.042873	-0.328125
-0.042873	-0.333883
-0.042873	-0.362636
-0.042873	-0.321271
-0.042873	-0.347342
-0.042873	-0.371761
-0.042873	-0.339651
-0.042873	-0.325876
-0.042873	-0.349750
-0.042873	-0.315977
-0.042873	-0.321837
-0.042873	-0.354040
-0.042873	-0.320759
-0.042873	-0.329969
-0.042873	-0.324417
-0.042873	-0.322360
-0.042873	-0.338844
-0.042873	-0.344452
-0.042873	-0.348581
-0.042873	-0.353987
-0.042873	-0.353340
-0.042873	-0.348587
-0.042873	-0.320177
-0.042873	-0.347768
-0.042873	-0.353363
-0.042873	-0.331761
-0.042873	-0.368841
-0.042873	-0.325754
-0.042873	-0.339840
-0.042873	-0.360510
-0.042873	-0.363792
-0.567314	-0.349713
-0.567314	-0.320363
-0.567314	-0.361462
-0.567314	-0.439917
-0.567314	-0.681385
-0.567314	-1.025025
-0.567314	-1.346657
-0.567314	-1.732862
-0.567314	-2.110963
-0.567314	-2.542020
-0.567314	-2.922377
-0.567314	-3.309151
-0.567314	-3.730754
-0.567314	-4.119917
-0.567314	-4.472144
-0.567314	-4.823573
-0.567314	-5.129869
-0.567314	-5.457132
-0.567314	-5.758903
-0.567314	-5.993620
-0.567314	-6.260293
-0.567314	-6.507207
-0.567314	-6.710419
-0.567314	-6.908199
-0.567314	-7.137511
-0.567314	-7.302821
-0.567314	-7.408275
-0.567314	-7.602933
-0.567314	-7.692657
-0.567314	-7.793360
-0.567314	-7.936407
-0.567314	-8.010856
-0.567314	-8.074352
-0.567314	-8.169183
-0.567314	-8.222799
-0.567314	-8.305586
-0.567314	-8.362557
-0.567314	-8.426023
-0.567314	-8.450661
-0.567314	-8.476401
-0.567314	-8.553585
-0.567314	-8.563423
-0.567314	-8.596022
-0.567314	-8.602714
-0.567314	-8.657063
-0.567314	-8.664755
-0.567314	-8.682687
-0.567314	-8.707512
-0.567314	-8.750692
-0.567314	-8.744575
-0.567314	-8.728918
-0.567314	-8.771835
-0.567314	-8.791158
-0.567314	-8.774615
-0.567314	-8.797850
-0.567314	-8.822635
-0.567314	-8.806229
-0.567314	-8.824314
-0.567314	-8.832521
-0.567314	-8.817033
-0.567314	-8.809043
-0.567314	-8.834529
-0.567314	-8.855530
-0.567314	-8.807069
-0.567314	-8.851337
-0.567314	-8.827046
-0.567314	-8.869102
-0.567314	-8.829471
-0.567314	-8.867552
-0.567314	-8.857278
-0.567314	-8.826001
-0.567314	-8.829476
-0.567314	-8.877216
-0.567314	-8.858300
-0.567314	-8.825742
-0.567314	-8.884271
-0.567314	-8.842132
-0.567314	-8.873086
-0.567314	-8.858384
-0.567314	-8.855396
-0.846439	-8.847032
-0.846439	-8.835811
-0.846439	-8.858200
-0.846439	-8.939257
-0.846439	-9.077082
-0.846439	-9.208992
-0.846439	-9.313964
-0.846439	-9.481697
-0.846439	-9.595052
-0.846439	-9.680442
-0.846439	-9.751863
-0.846439	-9.885521
-0.846439	-9.963373
-0.846439	-9.979591
-0.846439	-10.070525
-0.846439	-10.145870
-0.846439	-10.153728
-0.846439	-10.211891
-0.846439	-10.267877
-0.846439	-10.310573
-0.846439	-10.344389
-0.846439	-10.345961
-0.846439	-10.364564
-0.846439	-10.434122
-0.846439	-10.413355
-0.846439	-10.450258
-0.846439	-10.449562
-0.846439	-10.507831
-0.846439	-10.515700
-0.846439	-10.500161
-0.846439	-10.499495
-0.846439	-10.558785
-0.846439	-10.568590
-0.846439	-10.573635
-0.846439	-10.583914
-0.846439	-10.586137
-0.846439	-10.591160
-0.846439	-10.604472
-0.846439	-10.587986
-0.846439	-10.600703
-0.846439	-10.602019
-0.846439	-10.589295
-0.846439	-10.567233
-0.846439	-10.625768
-0.846439	-10.607652
-0.846439	-10.582976
-0.846439	-10.632619
-0.846439	-10.584515
-0.846439	-10.622824
-0.846439	-10.582699
-0.846439	-10.615335
-0.846439	-10.633473
-0.846439	-10.632394
-0.846439	-10.635162
-0.846439	-10.614881
-0.846439	-10.587407
-0.846439	-10.600104
-0.846439	-10.601056
-0.846439	-10.631812
-0.846439	-10.627944
-0.846439	-10.614221
-0.846439	-10.635226
-0.846439	-10.636720
-0.846439	-10.597536
-0.846439	-10.621309
-0.846439	-10.612739
-0.846439	-10.608027
-0.846439	-10.624147
-0.846439	-10.620420
-0.846439	-10.599577
-0.846439	-10.598991
-0.846439	-10.645413
-0.846439	-10.611100
-0.846439	-10.601810
-0.846439	-10.613472
-0.846439	-10.598578
-0.846439	-10.639310
-0.846439	-10.631505
-0.846439	-10.607335
-0.846439	-10.618987
-0.106474	-10.645355
-0.106474	-10.642722
-0.106474	-10.613523
-0.106474	-9.845787
-0.106474	-8.524685
-0.106474	-7.185067
-0.106474	-6.125012
-0.106474	-5.255912
-0.106474	-4.594222
-0.106474	-3.984589
-0.106474	-3.584578
-0.106474	-3.183064
-0.106474	-2.912558
-0.106474	-2.625786
-0.106474	-2.424986
-0.106474	-2.207220
-0.106474	-2.098373
-0.106474	-1.961645
-0.106474	-1.861734
-0.106474	-1.749798
-0.106474	-1.674317
-0.106474	-1.577481
-0.106474	-1.495839
-0.106474	-1.466134
-0.106474	-1.396012
-0.106474	-1.362492
-0.106474	-1.349180
-0.106474	-1.294792
-0.106474	-1.254468
-0.106474	-1.224080
-0.106474	-1.245115
-0.106474	-1.189524
-0.106474	-1.207943
-0.106474	-1.169660
-0.106474	-1.137472
-0.106474	-1.122001
-0.106474	-1.143259
-0.106474	-1.145517
-0.106474	-1.088311
-0.106474	-1.110898
-0.106474	-1.094756
-0.106474	-1.076312
-0.106474	-1.092984
-0.106474	-1.091136
-0.106474	-1.052584
-0.106474	-1.042505
-0.106474	-1.086617
-0.106474	-1.041675
-0.106474	-1.036515
-0.106474	-1.070747
-0.106474	-1.057089
-0.106474	-1.059369
-0.106474	-1.072966
-0.106474	-1.069604
-0.106474	-1.063635
-0.106474	-1.021848
-0.106474	-1.075267
-0.106474	-1.062692
-0.106474	-1.029301
-0.106474	-1.049621
-0.106474	-1.060588
-0.106474	-1.028716
-0.106474	-1.072195
-0.106474	-1.058930
-0.106474	-1.071530
-0.106474	-1.052245
-0.106474	-1.040028
-0.106474	-1.056763
-0.106474	-1.053249
-0.106474	-1.034721
-0.106474	-1.022535
-0.106474	-1.035877
-0.106474	-1.027774
-0.106474	-1.053068
-0.106474	-1.027573
-0.106474	-1.064727
-0.106474	-1.054080
-0.106474	-1.049150
-0.106474	-1.032338
-0.106474	-1.019313
0.492068	-1.065690
0.492068	-1.043222
0.492068	-1.017473
0.492068	-0.826514
0.492068	-0.476846
0.492068	-0.124908
0.492068	0.082577
0.492068	0.271269
0.492068	0.404976
0.492068	0.499800
0.492068	0.596762
0.492068	0.648849
0.492068	0.695771
0.492068	0.679437
0.492068	0.704981
0.492068	0.761865
0.492068	0.778968
0.492068	0.808245
0.492068	0.824383
0.492068	0.813746
0.492068	0.851137
0.492068	0.851638
0.492068	0.850469
0.492068	0.835504
0.492068	0.880543
0.492068	0.872505
0.492068	0.864790
0.492068	0.836838
0.492068	0.858789
0.492068	0.874727
0.492068	0.888682
0.492068	0.877101
0.492068	0.847694
0.492068	0.876945
0.492068	0.872124
0.492068	0.857721
0.492068	0.858103
0.492068	0.908105
0.492068	0.873571
0.492068	0.907073
0.492068	0.865240
0.492068	0.868655
0.492068	0.878578
0.492068	0.879584
0.492068	0.855688
0.492068	0.874352
0.492068	0.856512
0.492068	0.889066
0.492068	0.873253
0.492068	0.892300
0.492068	0.900965
0.492068	0.912848
0.492068	0.897508
0.492068	0.873514
0.492068	0.864859
0.492068	0.911075
0.492068	0.916696
0.492068	0.889683
0.492068	0.903637
0.492068	0.889245
0.492068	0.888419
0.492068	0.905030
0.492068	0.895051
0.492068	0.858855
0.492068	0.859704
0.492068	0.896634
0.492068	0.865560
0.492068	0.868526
0.492068	0.914653
0.492068	0.870121
0.492068	0.915802
0.492068	0.898357
0.492068	0.872008
0.492068	0.877050
0.492068	0.878323
0.492068	0.912889
0.492068	0.906478
0.492068	0.894266
0.492068	0.910884
0.492068	0.878516
0.181036	0.877130
0.181036	0.915223
0.181036	0.893171
0.181036	0.894948
0.181036	0.889624
0.181036	0.884912
0.181036	0.841324
0.181036	0.837058
0.181036	0.796621
0.181036	0.824473
0.181036	0.809462
0.181036	0.794038
0.181036	0.800855
0.181036	0.768681
0.181036	0.777687
0.181036	0.756131
0.181036	0.734529
0.181036	0.754979
0.181036	0.767825
0.181036	0.745691
0.181036	0.703226
0.181036	0.712739
0.181036	0.704121
0.181036	0.702454
0.181036	0.733145
0.181036	0.724660
0.181036	0.721414
0.181036	0.695034
0.181036	0.687194
0.181036	0.687993
0.181036	0.679555
0.181036	0.721833
0.181036	0.673108
0.181036	0.705770
0.181036	0.668423
0.181036	0.671677
0.181036	0.668661
0.181036	0.710871
0.181036	0.709304
0.181036	0.714295
0.181036	0.712659
0.181036	0.685830
0.181036	0.706272
0.181036	0.678986
0.181036	0.707671
0.181036	0.702612
0.181036	0.693153
0.181036	0.689283
0.181036	0.696829
0.181036	0.708016
0.181036	0.693038
0.181036	0.671081
0.181036	0.702311
0.181036	0.688154
0.181036	0.693310
0.181036	0.680629
0.181036	0.693915
0.181036	0.675436
0.181036	0.700113
0.181036	0.678807
0.181036	0.692933
0.181036	0.712104
0.181036	0.660589
0.181036	0.669327
0.181036	0.700246
0.181036	0.666311
0.181036	0.673663
0.181036	0.704085
0.181036	0.664524
0.181036	0.682026
0.181036	0.665758
0.181036	0.688729
0.181036	0.709367
0.181036	0.709033
0.181036	0.711280
0.181036	0.680567
0.181036	0.700057
0.181036	0.687148
0.181036	0.683743
0.181036	0.672025
0.669857	0.674158
0.669857	0.702880
0.669857	0.671197
0.669857	0.721506
0.669857	0.713743
0.669857	0.751184
0.669857	0.788611
0.669857	0.805627
0.669857	0.810338
0.669857	0.825084
0.669857	0.814491
0.669857	0.868846
0.669857	0.866746
0.669857	0.846769
0.669857	0.888493
0.669857	0.853043
0.669857	0.848758
0.669857	0.857672
0.669857	0.881342
0.669857	0.865753
0.669857	0.895511
0.669857	0.883958
0.669857	0.884348
0.669857	0.905092
0.669857	0.892240
0.669857	0.889449
0.669857	0.882856
0.669857	0.887633
0.669857	0.898275
0.669857	0.890952
0.669857	0.887430
0.669857	0.889975
0.669857	0.890708
0.669857	0.878684
0.669857	0.877664
0.669857	0.927671
0.669857	0.874929
0.669857	0.889475
0.669857	0.887770
0.669857	0.879578
0.669857	0.920956
0.669857	0.897656
0.669857	0.891754
0.669857	0.909771
0.669857	0.905466
0.669857	0.901881
0.669857	0.899804
0.669857	0.902660
0.669857	0.927789
0.669857	0.887005
0.669857	0.878280
0.669857	0.913228
0.669857	0.922013
0.669857	0.893927
0.669857	0.889056
0.669857	0.905510
0.669857	0.924414
0.669857	0.914484
0.669857	0.918069
0.669857	0.917958
0.669857	0.885041
0.669857	0.917872
0.669857	0.891597
0.669857	0.925038
0.669857	0.892433
0.669857	0.936848
0.669857	0.893927
0.669857	0.881473
0.669857	0.911175
0.669857	0.921118
0.669857	0.898851
0.669857	0.932307
0.669857	0.897981
0.669857	0.897858
0.669857	0.901420
0.669857	0.918046
0.669857	0.912235
0.669857	0.932949
0.669857	0.892532
0.669857	0.921754
0.279208	0.915202
0.279208	0.898123
0.279208	0.915365
0.279208	0.924643
0.279208	0.903849
0.279208	0.895406
0.279208	0.893306
0.279208	0.879370
0.279208	0.889262
0.279208	0.882612
0.279208	0.848705
0.279208	0.839063
0.279208	0.872782
0.279208	0.872236
0.279208	0.859606
0.279208	0.864418
0.279208	0.808244
0.279208	0.847212
0.279208	0.822424
0.279208	0.822888
0.279208	0.839130
0.279208	0.843323
0.279208	0.828961
0.279208	0.796023
0.279208	0.798191
0.279208	0.822554
0.279208	0.798163
0.279208	0.833720
0.279208	0.808939
0.279208	0.813546
0.279208	0.825301
0.279208	0.787436
0.279208	0.826097
0.279208	0.815632
0.279208	0.827506
0.279208	0.804362
0.279208	0.776788
0.279208	0.784379
0.279208	0.802611
0.279208	0.773917
0.279208	0.782594
0.279208	0.832837
0.279208	0.828285
0.279208	0.789573
0.279208	0.830867
0.279208	0.802190
0.279208	0.800791
0.279208	0.819469
0.279208	0.807717
0.279208	0.786238
0.279208	0.827103
0.279208	0.823507
0.279208	0.823619
0.279208	0.815220
0.279208	0.802569
0.279208	0.783997
0.279208	0.787970
0.279208	0.775062
0.279208	0.828702
0.279208	0.806384
0.279208	0.819868
0.279208	0.817209
0.279208	0.825912
0.279208	0.830201
0.279208	0.820393
0.279208	0.783134
0.279208	0.803026
0.279208	0.785845
0.279208	0.799862
0.279208	0.800804
0.279208	0.824628
0.279208	0.784116
0.279208	0.814968
0.279208	0.783048
0.279208	0.826525
0.279208	0.802534
0.279208	0.825937
0.279208	0.781445
0.279208	0.807045
0.279208	0.803666
0.654514	0.780377
0.654514	0.810135
0.654514	0.783770
0.654514	0.811536
0.654514	0.791643
0.654514	0.833298
0.654514	0.826429
0.654514	0.817692
0.654514	0.869591
0.654514	0.859288
0.654514	0.862464
0.654514	0.888288
0.654514	0.896215
0.654514	0.895155
0.654514	0.864980
0.654514	0.914819
0.654514	0.864092
0.654514	0.915280
0.654514	0.910998
0.654514	0.881317
0.654514	0.899310
0.654514	0.874524
0.654514	0.897989
0.654514	0.880287
0.654514	0.880950
0.654514	0.917183
0.654514	0.904496
0.654514	0.898739
0.654514	0.874885
0.654514	0.885513
0.654514	0.885759
0.654514	0.929851
0.654514	0.930417
0.654514	0.876866
0.654514	0.920135
0.654514	0.910330
0.654514	0.913699
0.654514	0.891014
0.654514	0.896274
0.654514	0.889018
0.654514	0.934031
0.654514	0.886614
0.654514	0.883950
0.654514	0.877325
0.654514	0.893124
0.654514	0.891930
0.654514	0.911161
0.654514	0.913407
0.654514	0.887587
0.654514	0.914238
0.654514	0.929053
0.654514	0.934506
0.654514	0.896015
0.654514	0.879371
0.654514	0.929470
0.654514	0.885254
0.654514	0.905289
0.654514	0.935741
0.654514	0.895851
0.654514	0.899680
0.654514	0.883878
0.654514	0.906967
0.654514	0.906280
0.654514	0.916833
0.654514	0.926711
0.654514	0.880452
0.654514	0.926697
0.654514	0.926924
0.654514	0.896483
0.654514	0.921910
0.654514	0.911199
0.654514	0.880777
0.654514	0.876479
0.654514	0.876719
0.654514	0.889143
0.654514	0.906428
0.654514	0.913091
0.654514	0.890173
0.654514	0.877548
0.654514	0.929003
0.409936	0.928403
0.409936	0.898108
0.409936	0.919664
0.409936	0.909959
0.409936	0.916702
0.409936	0.878531
0.409936	0.919288
0.409936	0.921284
0.409936	0.896765
0.409936	0.905992
0.409936	0.891419
0.409936	0.868669
0.409936	0.868709
0.409936	0.901438
0.409936	0.855099
0.409936	0.855307
0.409936	0.861996
0.409936	0.856059
0.409936	0.848333
0.409936	0.874811
0.409936	0.883291
0.409936	0.845595
0.409936	0.859335
0.409936	0.847373
0.409936	0.898420
0.409936	0.842337
0.409936	0.892985
0.409936	0.898889
0.409936	0.897426
0.409936	0.889411
0.409936	0.847886
0.409936	0.870314
0.409936	0.866635
0.409936	0.877141
0.409936	0.847691
0.409936	0.877253
0.409936	0.889547
0.409936	0.866562
0.409936	0.887619
0.409936	0.873907
0.409936	0.889725
0.409936	0.845250
0.409936	0.875759
0.409936	0.849169
0.409936	0.863726
0.409936	0.882362
0.409936	0.886290
0.409936	0.881294
0.409936	0.875687
0.409936	0.895561
0.409936	0.839807
0.409936	0.863960
0.409936	0.849038
0.409936	0.892074
0.409936	0.876549
0.409936	0.896790
0.409936	0.869211
0.409936	0.856304
0.409936	0.869119
0.409936	0.862333
0.409936	0.870481
0.409936	0.877047
0.409936	0.860075
0.409936	0.849675
0.409936	0.888923
0.409936	0.878018
0.409936	0.874888
0.409936	0.897329
0.409936	0.866246
0.409936	0.876278
0.409936	0.882263
0.409936	0.849773
0.409936	0.890011
0.409936	0.887559
0.409936	0.881266
0.409936	0.874519
0.409936	0.844612
0.409936	0.895690
0.409936	0.850457
0.409936	0.847624
-0.199475	0.880881
-0.199475	0.838437
-0.199475	0.894726
-0.199475	0.868810
-0.199475	0.790526
-0.199475	0.753637
-0.199475	0.644885
-0.199475	0.590685
-0.199475	0.458241
-0.199475	0.348091
-0.199475	0.225446
-0.199475	0.118608
-0.199475	-0.014362
-0.199475	-0.188791
-0.199475	-0.317020
-0.199475	-0.481693
-0.199475	-0.602814
-0.199475	-0.760587
-0.199475	-0.888224
-0.199475	-0.988407
-0.199475	-1.096906
-0.199475	-1.236408
-0.199475	-1.359033
-0.199475	-1.423428
-0.199475	-1.502265
-0.199475	-1.605941
-0.199475	-1.687538
-0.199475	-1.766617
-0.199475	-1.829199
-0.199475	-1.875383
-0.199475	-1.982179
-0.199475	-2.022578
-0.199475	-2.028753
-0.199475	-2.082480
-0.199475	-2.125047
-0.199475	-2.163294
-0.199475	-2.191001
-0.199475	-2.245011
-0.199475	-2.244066
-0.199475	-2.288294
-0.199475	-2.282418
-0.199475	-2.321941
-0.199475	-2.319501
-0.199475	-2.373204
-0.199475	-2.340884
-0.199475	-2.388403
-0.199475	-2.373650
-0.199475	-2.403448
-0.199475	-2.426146
-0.199475	-2.390023
-0.199475	-2.441002
-0.199475	-2.417960
-0.199475	-2.454006
-0.199475	-2.436372
-0.199475	-2.441922
-0.199475	-2.454506
-0.199475	-2.450013
-0.199475	-2.442710
-0.199475	-2.457521
-0.199475	-2.480018
-0.199475	-2.451193
-0.199475	-2.447846
-0.199475	-2.492145
-0.199475	-2.490272
-0.199475	-2.493209
-0.199475	-2.487297
-0.199475	-2.483537
-0.199475	-2.482664
-0.199475	-2.469768
-0.199475	-2.480041
-0.199475	-2.482417
-0.199475	-2.483034
-0.199475	-2.507109
-0.199475	-2.450843
-0.199475	-2.487496
-0.199475	-2.469383
-0.199475	-2.503845
-0.199475	-2.495728
-0.199475	-2.479288
-0.199475	-2.483707
-0.584265	-2.463825
-0.584265	-2.459211
-0.584265	-2.491431
-0.584265	-2.644429
-0.584265	-2.966566
-0.584265	-3.292140
-0.584265	-3.678087
-0.584265	-4.098089
-0.584265	-4.424625
-0.584265	-4.832905
-0.584265	-5.134215
-0.584265	-5.459255
-0.584265	-5.790601
-0.584265	-6.084304
-0.584265	-6.319295
-0.584265	-6.611361
-0.584265	-6.805370
-0.584265	-7.017201
-0.584265	-7.222915
-0.584265	-7.374514
-0.584265	-7.532369
-0.584265	-7.707863
-0.584265	-7.813066
-0.584265	-7.959773
-0.584265	-8.054496
-0.584265	-8.177035
-0.584265	-8.217158
-0.584265	-8.297133
-0.584265	-8.415420
-0.584265	-8.471670
-0.584265	-8.535706
-0.584265	-8.566330
-0.584265	-8.610656
-0.584265	-8.650737
-0.584265	-8.734170
-0.584265	-8.762897
-0.584265	-8.757376
-0.584265	-8.798542
-0.584265	-8.839646
-0.584265	-8.824172
-0.584265	-8.885785
-0.584265	-8.857751
-0.584265	-8.919280
-0.584265	-8.893486
-0.584265	-8.913723
-0.584265	-8.915327
-0.584265	-8.971530
-0.584265	-8.986498
-0.584265	-8.982594
-0.584265	-8.989041
-0.584265	-8.960287
-0.584265	-8.983497
-0.584265	-9.000774
-0.584265	-9.017115
-0.584265	-8.990510
-0.584265	-9.027010
-0.584265	-9.006267
-0.584265	-8.993525
-0.584265	-9.005122
-0.584265	-9.014957
-0.584265	-9.035268
-0.584265	-9.044038
-0.584265	-9.022322
-0.584265	-9.017512
-0.584265	-9.011673
-0.584265	-9.059762
-0.584265	-9.011485
-0.584265	-9.053924
-0.584265	-9.046998
-0.584265	-9.031095
-0.584265	-9.062306
-0.584265	-9.047505
-0.584265	-9.046282
-0.584265	-9.023499
-0.584265	-9.056169
-0.584265	-9.020418
-0.584265	-9.035550
-0.584265	-9.045404
-0.584265	-9.027245
-0.584265	-9.064142
0.258709	-9.043232
0.258709	-9.042074
0.258709	-9.047756
0.258709	-7.607878
0.258709	-5.419685
0.258709	-3.654399
0.258709	-2.417329
0.258709	-1.580706
0.258709	-0.970482
0.258709	-0.594048
0.258709	-0.279904
0.258709	-0.033176
0.258709	0.115973
0.258709	0.255159
0.258709	0.335619
0.258709	0.372561
0.258709	0.476092
0.258709	0.505742
0.258709	0.532620
0.258709	0.587251
0.258709	0.627960
0.258709	0.643925
0.258709	0.675174
0.258709	0.656057
0.258709	0.710482
0.258709	0.692613
0.258709	0.679771
0.258709	0.732395
0.258709	0.718500
0.258709	0.708227
0.258709	0.767107
0.258709	0.712602
0.258709	0.739929
0.258709	0.748201
0.258709	0.749213
0.258709	0.776029
0.258709	0.773799
0.258709	0.750295
0.258709	0.753671
0.258709	0.785263
0.258709	0.776144
0.258709	0.753007
0.258709	0.753530
0.258709	0.751165
0.258709	0.762004
0.258709	0.748561
0.258709	0.767275
0.258709	0.774096
0.258709	0.756868
0.258709	0.779420
0.258709	0.777962
0.258709	0.807601
0.258709	0.800463
0.258709	0.760981
0.258709	0.769895
0.258709	0.792082
0.258709	0.761187
0.258709	0.799023
0.258709	0.778640
0.258709	0.759107
0.258709	0.776155
0.258709	0.782490
0.258709	0.809657
0.258709	0.774082
0.258709	0.760434
0.258709	0.780737
0.258709	0.777922
0.258709	0.805157
0.258709	0.758376
0.258709	0.810635
0.258709	0.781744
0.258709	0.778228
0.258709	0.755244
0.258709	0.759323
0.258709	0.761310
0.258709	0.771268
0.258709	0.773328
0.258709	0.758768
0.258709	0.769085
0.258709	0.799195
0.115637	0.812490
0.115637	0.809522
0.115637	0.794123
0.115637	0.804412
0.115637	0.738844
0.115637	0.769784
0.115637	0.727312
0.115637	0.741926
0.115637	0.702199
0.115637	0.714427
0.115637	0.698646
0.115637	0.689109
0.115637	0.624866
0.115637	0.642054
0.115637	0.608110
0.115637	0.641910
0.115637	0.601537
0.115637	0.586938
0.115637	0.577731
0.115637	0.608298
0.115637	0.597842
0.115637	0.599484
0.115637	0.603971
0.115637	0.580499
0.115637	0.545126
0.115637	0.577589
0.115637	0.540108
0.115637	0.535091
0.115637	0.569619
0.115637	0.573353
0.115637	0.572398
0.115637	0.556331
0.115637	0.575071
0.115637	0.537337
0.115637	0.551529
0.115637	0.552630
0.115637	0.536605
0.115637	0.537250
0.115637	0.515459
0.115637	0.540026
0.115637	0.542776
0.115637	0.531288
0.115637	0.537298
0.115637	0.521992
0.115637	0.540795
0.115637	0.511913
0.115637	0.534029
0.115637	0.510917
0.115637	0.522580
0.115637	0.520615
0.115637	0.546524
0.115637	0.560181
0.115637	0.547352
0.115637	0.517043
0.115637	0.508424
0.115637	0.560784
0.115637	0.560594
0.115637	0.550051
0.115637	0.533362
0.115637	0.532090
0.115637	0.516710
0.115637	0.533908
0.115637	0.529533
0.115637	0.547256
0.115637	0.561140
0.115637	0.519787
0.115637	0.536561
0.115637	0.560612
0.115637	0.538184
0.115637	0.528976
0.115637	0.544628
0.115637	0.560036
0.115637	0.564656
0.115637	0.553729
0.115637	0.541926
0.115637	0.555483
0.115637	0.523391
0.115637	0.526719
0.115637	0.550915
0.115637	0.523307
-0.486840	0.513547
-0.486840	0.546844
-0.486840	0.550076
-0.486840	0.489035
-0.486840	0.367247
-0.486840	0.186978
-0.486840	-0.080817
-0.486840	-0.333546
-0.486840	-0.587953
-0.486840	-0.913249
-0.486840	-1.230759
-0.486840	-1.577961
-0.486840	-1.946585
-0.486840	-2.331287
-0.486840	-2.712941
-0.486840	-3.063772
-0.486840	-3.415129
-0.486840	-3.738182
-0.486840	-4.021122
-0.486840	-4.362654
-0.486840	-4.658616
-0.486840	-4.910463
-0.486840	-5.185297
-0.486840	-5.393856
-0.486840	-5.603676
-0.486840	-5.812506
-0.486840	-6.005496
-0.486840	-6.183188
-0.486840	-6.340906
-0.486840	-6.492105
-0.486840	-6.602834
-0.486840	-6.716452
-0.486840	-6.818953
-0.486840	-6.929867
-0.486840	-7.040317
-0.486840	-7.086221
-0.486840	-7.209895
-0.486840	-7.275016
-0.486840	-7.306962
-0.486840	-7.383406
-0.486840	-7.396156
-0.486840	-7.478992
-0.486840	-7.524625
-0.486840	-7.526352
-0.486840	-7.554292
-0.486840	-7.573405
-0.486840	-7.644431
-0.486840	-7.608425
-0.486840	-7.646082
-0.486840	-7.660951
-0.486840	-7.668120
-0.486840	-7.720072
-0.486840	-7.692230
-0.486840	-7.713219
-0.486840	-7.760675
-0.486840	-7.738192
-0.486840	-7.731933
-0.486840	-7.752451
-0.486840	-7.759956
-0.486840	-7.799514
-0.486840	-7.792164
-0.486840	-7.786899
-0.486840	-7.825563
-0.486840	-7.821325
-0.486840	-7.821737
-0.486840	-7.783404
-0.486840	-7.827589
-0.486840	-7.786978
-0.486840	-7.783926
-0.486840	-7.817199
-0.486840	-7.793596
-0.486840	-7.848119
-0.486840	-7.791928
-0.486840	-7.813505
-0.486840	-7.821060
-0.486840	-7.837807
-0.486840	-7.829119
-0.486840	-7.812676
-0.486840	-7.841444
-0.486840	-7.834923
-0.311931	-7.829305
-0.311931	-7.798573
-0.311931	-7.846913
-0.311931	-7.696832
-0.311931	-7.400928
-0.311931	-7.092815
-0.311931	-6.810811
-0.311931	-6.557247
-0.311931	-6.325966
-0.311931	-6.124453
-0.311931	-5.941049
-0.311931	-5.839251
-0.311931	-5.663409
-0.311931	-5.604844
-0.311931	-5.469616
-0.311931	-5.378104
-0.311931	-5.287086
-0.311931	-5.244728
-0.311931	-5.210437
-0.311931	-5.115725
-0.311931	-5.077638
-0.311931	-5.031622
-0.311931	-5.005323
-0.311931	-4.979408
-0.311931	-4.949668
-0.311931	-4.928465
-0.311931	-4.907911
-0.311931	-4.877819
-0.311931	-4.853404
-0.311931	-4.818070
-0.311931	-4.825675
-0.311931	-4.772294
-0.311931	-4.789810
-0.311931	-4.801369
-0.311931	-4.780938
-0.311931	-4.749507
-0.311931	-4.735142
-0.311931	-4.725954
-0.311931	-4.720248
-0.311931	-4.749657
-0.311931	-4.703400
-0.311931	-4.727491
-0.311931	-4.736125
-0.311931	-4.723833
-0.311931	-4.738938
-0.311931	-4.731630
-0.311931	-4.697973
-0.311931	-4.680514
-0.311931	-4.687410
-0.311931	-4.704386
-0.311931	-4.685422
-0.311931	-4.670594
-0.311931	-4.703279
-0.311931	-4.683590
-0.311931	-4.692021
-0.311931	-4.688987
-0.311931	-4.705687
-0.311931	-4.701721
-0.311931	-4.700907
-0.311931	-4.702004
-0.311931	-4.718068
-0.311931	-4.666311
-0.311931	-4.713766
-0.311931	-4.659573
-0.311931	-4.680699
-0.311931	-4.690235
-0.311931	-4.677225
-0.311931	-4.699415
-0.311931	-4.658840
-0.311931	-4.707022
-0.311931	-4.706375
-0.311931	-4.658304
-0.311931	-4.661263
-0.311931	-4.697096
-0.311931	-4.701332
-0.311931	-4.691463
-0.311931	-4.708615
-0.311931	-4.671860
-0.311931	-4.709847
-0.311931	-4.691424
-0.619508	-4.707955
-0.619508	-4.680871
-0.619508	-4.657747
-0.619508	-4.817963
-0.619508	-5.097810
-0.619508	-5.401518
-0.619508	-5.705513
-0.619508	-6.022811
-0.619508	-6.339812
-0.619508	-6.614690
-0.619508	-6.832997
-0.619508	-7.095586
-0.619508	-7.310209
-0.619508	-7.518724
-0.619508	-7.657207
-0.619508	-7.829093
-0.619508	-8.002295
-0.619508	-8.127285
-0.619508	-8.227972
-0.619508	-8.373682
-0.619508	-8.473776
-0.619508	-8.556285
-0.619508	-8.622842
-0.619508	-8.706269
-0.619508	-8.805239
-0.619508	-8.816828
-0.619508	-8.920152
-0.619508	-8.934102
-0.619508	-9.008399
-0.619508	-9.018766
-0.619508	-9.054232
-0.619508	-9.099804
-0.619508	-9.154685
-0.619508	-9.133742
-0.619508	-9.163840
-0.619508	-9.222140
-0.619508	-9.233975
-0.619508	-9.240711
-0.619508	-9.233181
-0.619508	-9.236421
-0.619508	-9.304624
-0.619508	-9.270900
-0.619508	-9.284800
-0.619508	-9.314125
-0.619508	-9.325904
-0.619508	-9.331756
-0.619508	-9.318269
-0.619508	-9.314977
-0.619508	-9.323361
-0.619508	-9.312086
-0.619508	-9.352984
-0.619508	-9.331214
-0.619508	-9.369393
-0.619508	-9.365078
-0.619508	-9.374118
-0.619508	-9.372741
-0.619508	-9.356392
-0.619508	-9.369346
-0.619508	-9.337298
-0.619508	-9.355175
-0.619508	-9.388774
-0.619508	-9.356768
-0.619508	-9.344052
-0.619508	-9.353138
-0.619508	-9.354229
-0.619508	-9.345279
-0.619508	-9.357411
-0.619508	-9.350117
-0.619508	-9.357029
-0.619508	-9.365453
-0.619508	-9.398335
-0.619508	-9.383782
-0.619508	-9.392911
-0.619508	-9.351558
-0.619508	-9.391988
-0.619508	-9.359139
-0.619508	-9.372531
-0.619508	-9.374374
-0.619508	-9.365276
-0.619508	-9.351147
-0.066854	-9.380522
-0.066854	-9.361619
-0.066854	-9.389137
-0.066854	-8.661756
-0.066854	-7.364985
-0.066854	-6.107081
-0.066854	-5.090964
-0.066854	-4.322101
-0.066854	-3.679537
-0.066854	-3.199076
-0.066854	-2.785381
-0.066854	-2.456973
-0.066854	-2.168486
-0.066854	-1.921614
-0.066854	-1.747845
-0.066854	-1.621622
-0.066854	-1.471639
-0.066854	-1.345749
-0.066854	-1.230123
-0.066854	-1.161953
-0.066854	-1.089193
-0.066854	-1.024083
-0.066854	-0.952709
-0.066854	-0.933470
-0.066854	-0.892950
-0.066854	-0.833500
-0.066854	-0.812233
-0.066854	-0.794956
-0.066854	-0.749759
-0.066854	-0.724362
-0.066854	-0.739173
-0.066854	-0.730549
-0.066854	-0.695787
-0.066854	-0.711123
-0.066854	-0.682477
-0.066854	-0.641283
-0.066854	-0.649573
-0.066854	-0.620036
-0.066854	-0.624133
-0.066854	-0.657791
-0.066854	-0.612397
-0.066854	-0.631487
-0.066854	-0.624761
-0.066854	-0.628138
-0.066854	-0.585625
-0.066854	-0.623258
-0.066854	-0.612471
-0.066854	-0.590939
-0.066854	-0.569888
-0.066854	-0.592998
-0.066854	-0.602444
-0.066854	-0.592597
-0.066854	-0.612554
-0.066854	-0.573622
-0.066854	-0.567760
-0.066854	-0.610591
-0.066854	-0.555143
-0.066854	-0.575964
-0.066854	-0.598631
-0.066854	-0.578595
-0.066854	-0.562436
-0.066854	-0.560602
-0.066854	-0.585619
-0.066854	-0.588654
-0.066854	-0.556139
-0.066854	-0.589748
-0.066854	-0.584300
-0.066854	-0.571869
-0.066854	-0.592131
-0.066854	-0.564921
-0.066854	-0.595185
-0.066854	-0.595268
-0.066854	-0.592203
-0.066854	-0.556348
-0.066854	-0.592555
-0.066854	-0.602631
-0.066854	-0.578941
-0.066854	-0.550360
-0.066854	-0.571336
-0.066854	-0.595809
0.392732	-0.572484
0.392732	-0.588790
0.392732	-0.560580
0.392732	-0.410983
0.392732	-0.180677
0.392732	0.007262
0.392732	0.185035
0.392732	0.310310
0.392732	0.462661
0.392732	0.535818
0.392732	0.545650
0.392732	0.628624
0.392732	0.675316
0.392732	0.719297
0.392732	0.720260
0.392732	0.709398
0.392732	0.754364
0.392732	0.781679
0.392732	0.776802
0.392732	0.807772
0.392732	0.828626
0.392732	0.830457
0.392732	0.799084
0.392732	0.816279
0.392732	0.853977
0.392732	0.820522
0.392732	0.863107
0.392732	0.817263
0.392732	0.858364
0.392732	0.830559
0.392732	0.848159
0.392732	0.848033
0.392732	0.821588
0.392732	0.858751
0.392732	0.838963
0.392732	0.858542
0.392732	0.823514
0.392732	0.831036
0.392732	0.850814
0.392732	0.847016
0.392732	0.875486
0.392732	0.869266
0.392732	0.878582
0.392732	0.858398
0.392732	0.884375
0.392732	0.850120
0.392732	0.883673
0.392732	0.834658
0.392732	0.862601
0.392732	0.880747
0.392732	0.866570
0.392732	0.863302
0.392732	0.876602
0.392732	0.882541
0.392732	0.880259
0.392732	0.888708
0.392732	0.886131
0.392732	0.834840
0.392732	0.872235
0.392732	0.890613
0.392732	0.881885
0.392732	0.889089
0.392732	0.846398
0.392732	0.884573
0.392732	0.839269
0.392732	0.838317
0.392732	0.890109
0.392732	0.864890
0.392732	0.851022
0.392732	0.863284
0.392732	0.839233
0.392732	0.862930
0.392732	0.862994
0.392732	0.840049
0.392732	0.842450
0.392732	0.865682
0.392732	0.876862
0.392732	0.834879
0.392732	0.877435
0.392732	0.884594
0.653403	0.871995
0.653403	0.856315
0.653403	0.853697
0.653403	0.857244
0.653403	0.840931
0.653403	0.861647
0.653403	0.897442
0.653403	0.861040
0.653403	0.909451
0.653403	0.881717
0.653403	0.863314
0.653403	0.906880
0.653403	0.903525
0.653403	0.921099
0.653403	0.903827
0.653403	0.872779
0.653403	0.873062
0.653403	0.903504
0.653403	0.892947
0.653403	0.922190
0.653403	0.887884
0.653403	0.925162
0.653403	0.896928
0.653403	0.924881
0.653403	0.916687
0.653403	0.879935
0.653403	0.883766
0.653403	0.921180
0.653403	0.908993
0.653403	0.919143
0.653403	0.885409
0.653403	0.879254
0.653403	0.929468
0.653403	0.898455
0.653403	0.922087
0.653403	0.930195
0.653403	0.922471
0.653403	0.900060
0.653403	0.886003
0.653403	0.934423
0.653403	0.889581
0.653403	0.901107
0.653403	0.898574
0.653403	0.889963
0.653403	0.931896
0.653403	0.917931
0.653403	0.911206
0.653403	0.918089
0.653403	0.923078
0.653403	0.890619
0.653403	0.907162
0.653403	0.881304
0.653403	0.879063
0.653403	0.890886
0.653403	0.896800
0.653403	0.935097
0.653403	0.929901
0.653403	0.932360
0.653403	0.932047
0.653403	0.912001
0.653403	0.930529
0.653403	0.929268
0.653403	0.916845
0.653403	0.883550
0.653403	0.878536
0.653403	0.893875
0.653403	0.925712
0.653403	0.916714
0.653403	0.900520
0.653403	0.879852
0.653403	0.882531
0.653403	0.912672
0.653403	0.886914
0.653403	0.895559
0.653403	0.905543
0.653403	0.915277
0.653403	0.932029
0.653403	0.885123
0.653403	0.903711
0.653403	0.877277
-0.262435	0.885049
-0.262435	0.886130
-0.262435	0.907728
-0.262435	0.881512
-0.262435	0.822714
-0.262435	0.782325
-0.262435	0.690333
-0.262435	0.627342
-0.262435	0.496430
-0.262435	0.380482
-0.262435	0.227675
-0.262435	0.045739
-0.262435	-0.086060
-0.262435	-0.254274
-0.262435	-0.478181
-0.262435	-0.651650
-0.262435	-0.870554
-0.262435	-1.053210
-0.262435	-1.238591
-0.262435	-1.431850
-0.262435	-1.563957
-0.262435	-1.736074
-0.262435	-1.881483
-0.262435	-2.048195
-0.262435	-2.174076
-0.262435	-2.304286
-0.262435	-2.479972
-0.262435	-2.553211
-0.262435	-2.676036
-0.262435	-2.790289
-0.262435	-2.878465
-0.262435	-2.909605
-0.262435	-3.000745
-0.262435	-3.046778
-0.262435	-3.161019
-0.262435	-3.167082
-0.262435	-3.209282
-0.262435	-3.272812
-0.262435	-3.326410
-0.262435	-3.366523
-0.262435	-3.404305
-0.262435	-3.441303
-0.262435	-3.449266
-0.262435	-3.494104
-0.262435	-3.493915
-0.262435	-3.506490
-0.262435	-3.563559
-0.262435	-3.559464
-0.262435	-3.539749
-0.262435	-3.552217
-0.262435	-3.577226
-0.262435	-3.606923
-0.262435	-3.595958
-0.262435	-3.642250
-0.262435	-3.637299
-0.262435	-3.603980
-0.262435	-3.610796
-0.262435	-3.660387
-0.262435	-3.638068
-0.262435	-3.632138
-0.262435	-3.629795
-0.262435	-3.672660
-0.262435	-3.663952
-0.262435	-3.654166
-0.262435	-3.691756
-0.262435	-3.697433
-0.262435	-3.689310
-0.262435	-3.671903
-0.262435	-3.663981
-0.262435	-3.702173
-0.262435	-3.663047
-0.262435	-3.654596
-0.262435	-3.683238
-0.262435	-3.694095
-0.262435	-3.697270
-0.262435	-3.697598
-0.262435	-3.660039
-0.262435	-3.712593
-0.262435	-3.674930
-0.262435	-3.670360
