0.000000	0.000000
0.000000	0.000000
0.000000	0.000000
0.000000	0.000000
0.000000	0.000000
0.000000	0.000000
0.000000	0.000000
0.000000	0.000000
0.000000	0.000000
0.000000	-0.006376
0.000000	0.006268
0.000000	-0.015056
0.000000	-0.028235
0.000000	-0.013562
0.000000	0.011782
0.000000	0.021250
0.000000	-0.026015
0.000000	-0.011644
0.000000	0.024151
0.000000	-0.001267
0.000000	0.006499
0.000000	0.024263
0.000000	0.028673
0.000000	-0.012254
0.000000	-0.027242
0.000000	0.002843
0.000000	0.028854
0.000000	0.029705
0.000000	-0.012932
0.000000	-0.021826
0.000000	0.004839
0.000000	-0.028832
0.000000	-0.011877
0.000000	0.010653
0.000000	0.011042
0.000000	0.006525
0.000000	-0.020185
0.000000	-0.008757
0.000000	0.009352
0.000000	-0.014311
0.000000	0.010552
0.000000	-0.005163
0.000000	-0.009900
0.000000	-0.008750
0.000000	0.006650
0.000000	-0.016973
0.000000	-0.024905
0.000000	-0.024657
0.000000	0.017760
0.000000	-0.006703
0.000000	0.025954
0.000000	0.000816
0.000000	-0.017195
0.000000	0.027734
0.000000	-0.020194
0.000000	0.025397
0.000000	0.005840
0.000000	-0.011060
0.000000	-0.003078
0.000000	-0.011807
0.000000	-0.015646
0.000000	0.021655
0.000000	-0.007431
0.000000	0.024301
0.000000	0.011265
0.000000	0.026749
0.000000	-0.011770
0.000000	0.001402
0.000000	-0.015006
0.000000	0.028278
0.000000	0.011386
0.000000	-0.028960
0.000000	-0.018049
0.000000	0.007389
0.000000	-0.017972
0.000000	-0.019090
0.000000	-0.024869
0.000000	-0.016460
0.000000	0.019753
0.000000	0.004723
-0.889832	0.007258
-0.889832	0.012812
-0.889832	-0.011695
-0.889832	-0.099349
-0.889832	-0.305798
-0.889832	-0.619187
-0.889832	-0.986532
-0.889832	-1.416156
-0.889832	-1.815409
-0.889832	-2.268717
-0.889832	-2.752749
-0.889832	-3.225402
-0.889832	-3.734274
-0.889832	-4.167974
-0.889832	-4.668100
-0.889832	-5.081493
-0.889832	-5.540596
-0.889832	-5.929719
-0.889832	-6.358707
-0.889832	-6.698262
-0.889832	-7.041289
-0.889832	-7.399881
-0.889832	-7.693614
-0.889832	-7.981366
-0.889832	-8.227379
-0.889832	-8.487635
-0.889832	-8.711017
-0.889832	-8.854855
-0.889832	-9.042062
-0.889832	-9.238744
-0.889832	-9.402695
-0.889832	-9.516698
-0.889832	-9.663122
-0.889832	-9.727508
-0.889832	-9.818245
-0.889832	-9.933610
-0.889832	-10.012571
-0.889832	-10.074727
-0.889832	-10.179176
-0.889832	-10.236809
-0.889832	-10.284640
-0.889832	-10.345345
-0.889832	-10.333077
-0.889832	-10.375214
-0.889832	-10.439445
-0.889832	-10.478875
-0.889832	-10.473176
-0.889832	-10.551114
-0.889832	-10.555253
-0.889832	-10.581104
-0.889832	-10.569900
-0.889832	-10.586405
-0.889832	-10.615492
-0.889832	-10.635742
-0.889832	-10.650561
-0.889832	-10.639338
-0.889832	-10.678547
-0.889832	-10.645078
-0.889832	-10.685005
-0.889832	-10.655301
-0.889832	-10.695169
-0.889832	-10.695874
-0.889832	-10.715727
-0.889832	-10.689833
-0.889832	-10.734445
-0.889832	-10.710461
-0.889832	-10.716308
-0.889832	-10.738985
-0.889832	-10.743806
-0.889832	-10.694202
-0.889832	-10.706800
-0.889832	-10.753043
-0.889832	-10.743584
-0.889832	-10.699678
-0.889832	-10.722957
-0.889832	-10.717270
-0.889832	-10.711829
-0.889832	-10.748073
-0.889832	-10.706448
-0.889832	-10.710595
0.601603	-10.758908
0.601603	-10.757199
0.601603	-10.709025
0.601603	-8.706776
0.601603	-5.733252
0.601603	-3.502339
0.601603	-2.067836
0.601603	-1.121965
0.601603	-0.559484
0.601603	-0.172720
0.601603	0.121590
0.601603	0.264267
0.601603	0.424164
0.601603	0.512672
0.601603	0.604437
0.601603	0.663382
0.601603	0.672805
0.601603	0.712376
0.601603	0.759619
0.601603	0.787878
0.601603	0.795063
0.601603	0.789101
0.601603	0.798428
0.601603	0.829421
0.601603	0.835839
0.601603	0.831769
0.601603	0.873646
0.601603	0.835812
0.601603	0.887615
0.601603	0.880921
0.601603	0.885761
0.601603	0.895530
0.601603	0.891770
0.601603	0.888651
0.601603	0.884523
0.601603	0.891555
0.601603	0.861137
0.601603	0.880601
0.601603	0.884074
0.601603	0.884292
0.601603	0.866170
0.601603	0.918234
0.601603	0.902677
0.601603	0.910712
0.601603	0.867576
0.601603	0.911378
0.601603	0.880710
0.601603	0.928047
0.601603	0.897733
0.601603	0.909025
0.601603	0.883001
0.601603	0.888150
0.601603	0.922919
0.601603	0.900032
0.601603	0.882186
0.601603	0.909976
0.601603	0.892856
0.601603	0.873589
0.601603	0.926266
0.601603	0.925013
0.601603	0.910104
0.601603	0.916948
0.601603	0.930289
0.601603	0.913871
0.601603	0.925917
0.601603	0.896166
0.601603	0.915155
0.601603	0.910123
0.601603	0.889802
0.601603	0.920712
0.601603	0.929605
0.601603	0.926799
0.601603	0.922702
0.601603	0.912667
0.601603	0.895269
0.601603	0.874303
0.601603	0.926878
0.601603	0.896943
0.601603	0.917514
0.601603	0.890901
-0.865998	0.896963
-0.865998	0.900336
-0.865998	0.912553
-0.865998	0.875853
-0.865998	0.858747
-0.865998	0.727921
-0.865998	0.623283
-0.865998	0.477767
-0.865998	0.241411
-0.865998	0.041720
-0.865998	-0.303708
-0.865998	-0.622816
-0.865998	-0.997654
-0.865998	-1.406167
-0.865998	-1.810967
-0.865998	-2.301281
-0.865998	-2.734696
-0.865998	-3.212428
-0.865998	-3.699264
-0.865998	-4.187565
-0.865998	-4.637539
-0.865998	-5.093345
-0.865998	-5.504512
-0.865998	-5.909233
-0.865998	-6.340866
-0.865998	-6.693728
-0.865998	-7.043446
-0.865998	-7.373119
-0.865998	-7.673900
-0.865998	-7.935734
-0.865998	-8.194476
-0.865998	-8.442866
-0.865998	-8.647301
-0.865998	-8.856267
-0.865998	-8.989049
-0.865998	-9.199730
-0.865998	-9.307390
-0.865998	-9.439748
-0.865998	-9.606363
-0.865998	-9.722360
-0.865998	-9.769454
-0.865998	-9.865605
-0.865998	-9.937486
-0.865998	-10.057317
-0.865998	-10.078235
-0.865998	-10.161681
-0.865998	-10.237851
-0.865998	-10.252475
-0.865998	-10.327829
-0.865998	-10.333128
-0.865998	-10.393950
-0.865998	-10.409199
-0.865998	-10.443307
-0.865998	-10.466379
-0.865998	-10.469456
-0.865998	-10.520461
-0.865998	-10.516222
-0.865998	-10.554862
-0.865998	-10.578277
-0.865998	-10.593141
-0.865998	-10.567872
-0.865998	-10.588660
-0.865998	-10.616998
-0.865998	-10.612549
-0.865998	-10.639149
-0.865998	-10.599749
-0.865998	-10.649723
-0.865998	-10.612719
-0.865998	-10.623510
-0.865998	-10.624479
-0.865998	-10.649208
-0.865998	-10.623397
-0.865998	-10.659119
-0.865998	-10.662243
-0.865998	-10.648484
-0.865998	-10.688593
-0.865998	-10.670142
-0.865998	-10.672501
-0.865998	-10.637010
-0.865998	-10.649928
-0.826067	-10.653294
-0.826067	-10.669387
-0.826067	-10.698724
-0.826067	-10.675075
-0.826067	-10.669905
-0.826067	-10.650300
-0.826067	-10.632769
-0.826067	-10.604300
-0.826067	-10.619012
-0.826067	-10.613620
-0.826067	-10.609894
-0.826067	-10.624490
-0.826067	-10.598821
-0.826067	-10.621828
-0.826067	-10.614445
-0.826067	-10.595789
-0.826067	-10.598486
-0.826067	-10.577066
-0.826067	-10.580148
-0.826067	-10.597701
-0.826067	-10.550078
-0.826067	-10.599152
-0.826067	-10.563965
-0.826067	-10.544763
-0.826067	-10.558542
-0.826067	-10.544152
-0.826067	-10.587982
-0.826067	-10.586378
-0.826067	-10.595183
-0.826067	-10.590940
-0.826067	-10.584103
-0.826067	-10.548688
-0.826067	-10.563066
-0.826067	-10.541218
-0.826067	-10.573599
-0.826067	-10.536341
-0.826067	-10.577248
-0.826067	-10.585939
-0.826067	-10.579083
-0.826067	-10.573582
-0.826067	-10.546743
-0.826067	-10.586712
-0.826067	-10.584199
-0.826067	-10.546488
-0.826067	-10.550626
-0.826067	-10.538566
-0.826067	-10.563732
-0.826067	-10.538572
-0.826067	-10.537314
-0.826067	-10.569825
-0.826067	-10.563730
-0.826067	-10.546237
-0.826067	-10.586236
-0.826067	-10.544111
-0.826067	-10.561472
-0.826067	-10.557996
-0.826067	-10.547821
-0.826067	-10.540534
-0.826067	-10.550384
-0.826067	-10.559022
-0.826067	-10.567893
-0.826067	-10.531123
-0.826067	-10.534120
-0.826067	-10.570363
-0.826067	-10.572161
-0.826067	-10.565106
-0.826067	-10.586975
-0.826067	-10.542331
-0.826067	-10.575169
-0.826067	-10.585148
-0.826067	-10.569171
-0.826067	-10.547894
-0.826067	-10.537937
-0.826067	-10.583536
-0.826067	-10.560365
-0.826067	-10.546060
-0.826067	-10.554544
-0.826067	-10.587029
-0.826067	-10.568588
-0.826067	-10.581112
0.295710	-10.587371
0.295710	-10.574132
0.295710	-10.535040
0.295710	-8.817634
0.295710	-6.147872
0.295710	-4.053525
0.295710	-2.647909
0.295710	-1.663141
0.295710	-0.996753
0.295710	-0.556899
0.295710	-0.269887
0.295710	-0.025941
0.295710	0.161249
0.295710	0.239042
0.295710	0.381218
0.295710	0.437963
0.295710	0.524533
0.295710	0.573569
0.295710	0.590387
0.295710	0.639117
0.295710	0.644242
0.295710	0.689673
0.295710	0.686262
0.295710	0.694284
0.295710	0.721849
0.295710	0.711570
0.295710	0.767445
0.295710	0.775798
0.295710	0.750625
0.295710	0.787380
0.295710	0.781724
0.295710	0.785739
0.295710	0.755672
0.295710	0.778793
0.295710	0.800564
0.295710	0.796244
0.295710	0.816064
0.295710	0.810908
0.295710	0.807501
0.295710	0.808472
0.295710	0.782080
0.295710	0.806680
0.295710	0.790450
0.295710	0.782107
0.295710	0.799683
0.295710	0.835507
0.295710	0.824014
0.295710	0.795302
0.295710	0.780136
0.295710	0.825729
0.295710	0.834478
0.295710	0.820712
0.295710	0.828074
0.295710	0.822768
0.295710	0.838341
0.295710	0.805696
0.295710	0.784744
0.295710	0.817953
0.295710	0.839552
0.295710	0.832908
0.295710	0.836961
0.295710	0.805832
0.295710	0.825762
0.295710	0.785888
0.295710	0.784754
0.295710	0.786756
0.295710	0.833267
0.295710	0.833073
0.295710	0.830969
0.295710	0.814465
0.295710	0.835258
0.295710	0.804788
0.295710	0.831314
0.295710	0.788011
0.295710	0.816428
0.295710	0.786109
0.295710	0.823807
0.295710	0.834305
0.295710	0.827117
0.295710	0.788627
-0.005773	0.829206
-0.005773	0.830316
-0.005773	0.805509
-0.005773	0.796676
-0.005773	0.775192
-0.005773	0.726443
-0.005773	0.717565
-0.005773	0.649999
-0.005773	0.635520
-0.005773	0.575318
-0.005773	0.501737
-0.005773	0.514669
-0.005773	0.425000
-0.005773	0.406632
-0.005773	0.388896
-0.005773	0.337098
-0.005773	0.279169
-0.005773	0.287389
-0.005773	0.264033
-0.005773	0.233508
-0.005773	0.180975
-0.005773	0.198169
-0.005773	0.147078
-0.005773	0.163974
-0.005773	0.139298
-0.005773	0.108524
-0.005773	0.098483
-0.005773	0.060137
-0.005773	0.049362
-0.005773	0.043856
-0.005773	0.062423
-0.005773	0.027115
-0.005773	0.000948
-0.005773	0.051268
-0.005773	0.008728
-0.005773	0.022052
-0.005773	-0.004097
-0.005773	-0.022520
-0.005773	0.001493
-0.005773	0.009572
-0.005773	0.005391
-0.005773	-0.004886
-0.005773	-0.021201
-0.005773	0.010402
-0.005773	-0.045753
-0.005773	0.001203
-0.005773	-0.030898
-0.005773	-0.048882
-0.005773	-0.040924
-0.005773	-0.027780
-0.005773	-0.030477
-0.005773	-0.034794
-0.005773	-0.020873
-0.005773	-0.009245
-0.005773	-0.026242
-0.005773	-0.014398
-0.005773	-0.008746
-0.005773	-0.040377
-0.005773	-0.061874
-0.005773	-0.054377
-0.005773	-0.042357
-0.005773	-0.047045
-0.005773	-0.015471
-0.005773	-0.037618
-0.005773	-0.019683
-0.005773	-0.068093
-0.005773	-0.024984
-0.005773	-0.046451
-0.005773	-0.051509
-0.005773	-0.026416
-0.005773	-0.048328
-0.005773	-0.066868
-0.005773	-0.044130
-0.005773	-0.045893
-0.005773	-0.045258
-0.005773	-0.032203
-0.005773	-0.053514
-0.005773	-0.030680
-0.005773	-0.031619
-0.005773	-0.023486
0.973268	-0.023780
0.973268	-0.030231
0.973268	-0.010896
0.973268	0.029544
0.973268	0.222657
0.973268	0.400392
0.973268	0.485426
0.973268	0.548951
0.973268	0.612632
0.973268	0.712740
0.973268	0.705337
0.973268	0.746258
0.973268	0.801128
0.973268	0.789587
0.973268	0.819201
0.973268	0.858246
0.973268	0.826733
0.973268	0.837768
0.973268	0.888418
0.973268	0.859107
0.973268	0.879276
0.973268	0.862232
0.973268	0.892591
0.973268	0.890611
0.973268	0.892772
0.973268	0.896908
0.973268	0.907525
0.973268	0.910754
0.973268	0.909976
0.973268	0.874354
0.973268	0.875170
0.973268	0.932662
0.973268	0.906876
0.973268	0.917074
0.973268	0.893801
0.973268	0.911924
0.973268	0.925439
0.973268	0.933786
0.973268	0.915350
0.973268	0.934894
0.973268	0.922053
0.973268	0.914321
0.973268	0.933674
0.973268	0.928283
0.973268	0.921355
0.973268	0.910021
0.973268	0.939362
0.973268	0.919179
0.973268	0.895900
0.973268	0.888290
0.973268	0.924892
0.973268	0.943307
0.973268	0.898509
0.973268	0.931186
0.973268	0.934721
0.973268	0.912611
0.973268	0.903035
0.973268	0.905780
0.973268	0.925940
0.973268	0.907707
0.973268	0.939647
0.973268	0.908386
0.973268	0.908155
0.973268	0.937261
0.973268	0.936407
0.973268	0.925188
0.973268	0.934441
0.973268	0.916931
0.973268	0.939989
0.973268	0.923669
0.973268	0.911366
0.973268	0.890505
0.973268	0.936745
0.973268	0.897219
0.973268	0.914312
0.973268	0.941214
0.973268	0.903862
0.973268	0.892863
0.973268	0.908556
0.973268	0.911510
-0.284717	0.911480
-0.284717	0.924468
-0.284717	0.931088
-0.284717	0.924942
-0.284717	0.839315
-0.284717	0.831324
-0.284717	0.712719
-0.284717	0.642317
-0.284717	0.533609
-0.284717	0.366620
-0.284717	0.223437
-0.284717	0.074156
-0.284717	-0.141577
-0.284717	-0.335503
-0.284717	-0.534318
-0.284717	-0.704299
-0.284717	-0.922812
-0.284717	-1.137549
-0.284717	-1.365185
-0.284717	-1.543733
-0.284717	-1.751153
-0.284717	-1.955065
-0.284717	-2.104160
-0.284717	-2.303177
-0.284717	-2.460585
-0.284717	-2.557946
-0.284717	-2.735166
-0.284717	-2.836933
-0.284717	-2.995428
-0.284717	-3.097863
-0.284717	-3.200225
-0.284717	-3.278224
-0.284717	-3.379108
-0.284717	-3.425373
-0.284717	-3.523912
-0.284717	-3.585576
-0.284717	-3.604842
-0.284717	-3.683746
-0.284717	-3.693092
-0.284717	-3.735674
-0.284717	-3.769629
-0.284717	-3.841014
-0.284717	-3.838626
-0.284717	-3.868679
-0.284717	-3.942682
-0.284717	-3.964712
-0.284717	-3.939446
-0.284717	-3.991248
-0.284717	-3.981910
-0.284717	-4.029457
-0.284717	-4.019003
-0.284717	-4.004317
-0.284717	-4.039059
-0.284717	-4.066664
-0.284717	-4.064246
-0.284717	-4.091350
-0.284717	-4.067443
-0.284717	-4.081769
-0.284717	-4.091357
-0.284717	-4.082647
-0.284717	-4.105958
-0.284717	-4.088440
-0.284717	-4.121058
-0.284717	-4.110672
-0.284717	-4.114590
-0.284717	-4.090606
-0.284717	-4.144975
-0.284717	-4.098511
-0.284717	-4.128407
-0.284717	-4.134916
-0.284717	-4.095434
-0.284717	-4.122284
-0.284717	-4.111483
-0.284717	-4.154167
-0.284717	-4.144404
-0.284717	-4.154340
-0.284717	-4.149167
-0.284717	-4.099537
-0.284717	-4.102323
-0.284717	-4.133483
0.755750	-4.138164
0.755750	-4.119305
0.755750	-4.112136
0.755750	-3.350685
0.755750	-2.232582
0.755750	-1.261303
0.755750	-0.640116
0.755750	-0.229056
0.755750	0.075689
0.755750	0.258490
0.755750	0.446748
0.755750	0.521242
0.755750	0.592161
0.755750	0.680885
0.755750	0.683584
0.755750	0.727199
0.755750	0.786590
0.755750	0.788485
0.755750	0.778992
0.755750	0.829642
0.755750	0.847043
0.755750	0.827925
0.755750	0.859916
0.755750	0.883574
0.755750	0.885387
0.755750	0.865403
0.755750	0.880973
0.755750	0.875751
0.755750	0.886995
0.755750	0.914496
0.755750	0.885584
0.755750	0.867833
0.755750	0.904329
0.755750	0.922205
0.755750	0.923679
0.755750	0.911436
0.755750	0.929401
0.755750	0.909814
0.755750	0.933180
0.755750	0.912956
0.755750	0.935188
0.755750	0.918391
0.755750	0.893401
0.755750	0.909277
0.755750	0.901532
0.755750	0.929520
0.755750	0.930703
0.755750	0.895400
0.755750	0.899370
0.755750	0.927318
0.755750	0.919070
0.755750	0.908844
0.755750	0.898579
0.755750	0.898650
0.755750	0.901425
0.755750	0.923720
0.755750	0.919210
0.755750	0.933139
0.755750	0.920976
0.755750	0.930596
0.755750	0.926715
0.755750	0.893103
0.755750	0.927893
0.755750	0.884682
0.755750	0.917552
0.755750	0.916452
0.755750	0.887863
0.755750	0.935795
0.755750	0.929367
0.755750	0.903570
0.755750	0.918215
0.755750	0.933400
0.755750	0.886940
0.755750	0.903995
0.755750	0.923239
0.755750	0.926158
0.755750	0.901190
0.755750	0.933467
0.755750	0.937768
0.755750	0.884695
-0.107959	0.927078
-0.107959	0.910701
-0.107959	0.890019
-0.107959	0.923565
-0.107959	0.873262
-0.107959	0.818120
-0.107959	0.775418
-0.107959	0.700121
-0.107959	0.648569
-0.107959	0.565042
-0.107959	0.517853
-0.107959	0.421059
-0.107959	0.386886
-0.107959	0.273059
-0.107959	0.169354
-0.107959	0.133201
-0.107959	0.028605
-0.107959	-0.063143
-0.107959	-0.119143
-0.107959	-0.186322
-0.107959	-0.255131
-0.107959	-0.350460
-0.107959	-0.403077
-0.107959	-0.476235
-0.107959	-0.497799
-0.107959	-0.568566
-0.107959	-0.609276
-0.107959	-0.621776
-0.107959	-0.719149
-0.107959	-0.709638
-0.107959	-0.773344
-0.107959	-0.807674
-0.107959	-0.823939
-0.107959	-0.836448
-0.107959	-0.862958
-0.107959	-0.861126
-0.107959	-0.919034
-0.107959	-0.897665
-0.107959	-0.949892
-0.107959	-0.932255
-0.107959	-0.976166
-0.107959	-0.983777
-0.107959	-0.944764
-0.107959	-1.003412
-0.107959	-1.007331
-0.107959	-1.016600
-0.107959	-1.004168
-0.107959	-0.992274
-0.107959	-0.997426
-0.107959	-0.989238
-0.107959	-1.001707
-0.107959	-1.036171
-0.107959	-1.048461
-0.107959	-1.049419
-0.107959	-1.034635
-0.107959	-1.041940
-0.107959	-1.037168
-0.107959	-1.055073
-0.107959	-1.031089
-0.107959	-1.029663
-0.107959	-1.034090
-0.107959	-1.075203
-0.107959	-1.063130
-0.107959	-1.060914
-0.107959	-1.039094
-0.107959	-1.021152
-0.107959	-1.055061
-0.107959	-1.050496
-0.107959	-1.029789
-0.107959	-1.066153
-0.107959	-1.043607
-0.107959	-1.072375
-0.107959	-1.039195
-0.107959	-1.066125
-0.107959	-1.067821
-0.107959	-1.054491
-0.107959	-1.070498
-0.107959	-1.036847
-0.107959	-1.061706
-0.107959	-1.067279
-0.475068	-1.067993
-0.475068	-1.041148
-0.475068	-1.075532
-0.475068	-1.170890
-0.475068	-1.408978
-0.475068	-1.730172
-0.475068	-2.057815
-0.475068	-2.450252
-0.475068	-2.801143
-0.475068	-3.108903
-0.475068	-3.436085
-0.475068	-3.749506
-0.475068	-4.107054
-0.475068	-4.379490
-0.475068	-4.634822
-0.475068	-4.884333
-0.475068	-5.155172
-0.475068	-5.384457
-0.475068	-5.569024
-0.475068	-5.759717
-0.475068	-5.972357
-0.475068	-6.145504
-0.475068	-6.237558
-0.475068	-6.412485
-0.475068	-6.513536
-0.475068	-6.622484
-0.475068	-6.711444
-0.475068	-6.836064
-0.475068	-6.907113
-0.475068	-7.016118
-0.475068	-7.056575
-0.475068	-7.100471
-0.475068	-7.160404
-0.475068	-7.243759
-0.475068	-7.242559
-0.475068	-7.300212
-0.475068	-7.324590
-0.475068	-7.369308
-0.475068	-7.398298
-0.475068	-7.424005
-0.475068	-7.430232
-0.475068	-7.454495
-0.475068	-7.485444
-0.475068	-7.522501
-0.475068	-7.501093
-0.475068	-7.549357
-0.475068	-7.562478
-0.475068	-7.556964
-0.475068	-7.558568
-0.475068	-7.586353
-0.475068	-7.581515
-0.475068	-7.618163
-0.475068	-7.609533
-0.475068	-7.631609
-0.475068	-7.615707
-0.475068	-7.615014
-0.475068	-7.616377
-0.475068	-7.624755
-0.475068	-7.640707
-0.475068	-7.614068
-0.475068	-7.655214
-0.475068	-7.652185
-0.475068	-7.624537
-0.475068	-7.628427
-0.475068	-7.671567
-0.475068	-7.637064
-0.475068	-7.653466
-0.475068	-7.657048
-0.475068	-7.668406
-0.475068	-7.653580
-0.475068	-7.635328
-0.475068	-7.646335
-0.475068	-7.629735
-0.475068	-7.633296
-0.475068	-7.679974
-0.475068	-7.661774
-0.475068	-7.644635
-0.475068	-7.654743
-0.475068	-7.639074
-0.475068	-7.626239
-0.463053	-7.674388
-0.463053	-7.675576
-0.463053	-7.665713
-0.463053	-7.635758
-0.463053	-7.607735
-0.463053	-7.606097
-0.463053	-7.600017
-0.463053	-7.571438
-0.463053	-7.591453
-0.463053	-7.547242
-0.463053	-7.575610
-0.463053	-7.531489
-0.463053	-7.513503
-0.463053	-7.556722
-0.463053	-7.527807
-0.463053	-7.511739
-0.463053	-7.532907
-0.463053	-7.524337
-0.463053	-7.481243
-0.463053	-7.505115
-0.463053	-7.527024
-0.463053	-7.500352
-0.463053	-7.493351
-0.463053	-7.496666
-0.463053	-7.462888
-0.463053	-7.470460
-0.463053	-7.502017
-0.463053	-7.499876
-0.463053	-7.501740
-0.463053	-7.510082
-0.463053	-7.509695
-0.463053	-7.480894
-0.463053	-7.476476
-0.463053	-7.456516
-0.463053	-7.497027
-0.463053	-7.451151
-0.463053	-7.483218
-0.463053	-7.499443
-0.463053	-7.486864
-0.463053	-7.461845
-0.463053	-7.460841
-0.463053	-7.493660
-0.463053	-7.458697
-0.463053	-7.481063
-0.463053	-7.462162
-0.463053	-7.461235
-0.463053	-7.460720
-0.463053	-7.475377
-0.463053	-7.470417
-0.463053	-7.495319
-0.463053	-7.469584
-0.463053	-7.457373
-0.463053	-7.482055
-0.463053	-7.472970
-0.463053	-7.497735
-0.463053	-7.447246
-0.463053	-7.489288
-0.463053	-7.501834
-0.463053	-7.467563
-0.463053	-7.501848
-0.463053	-7.472095
-0.463053	-7.448358
-0.463053	-7.465746
-0.463053	-7.484863
-0.463053	-7.454592
-0.463053	-7.486149
-0.463053	-7.471060
-0.463053	-7.470813
-0.463053	-7.445545
-0.463053	-7.477274
-0.463053	-7.456072
-0.463053	-7.482005
-0.463053	-7.446890
-0.463053	-7.473632
-0.463053	-7.451210
-0.463053	-7.473304
-0.463053	-7.474803
-0.463053	-7.452162
-0.463053	-7.479555
-0.463053	-7.469476
-0.536637	-7.460297
-0.536637	-7.462612
-0.536637	-7.491940
-0.536637	-7.533028
-0.536637	-7.564234
-0.536637	-7.662121
-0.536637	-7.734451
-0.536637	-7.827433
-0.536637	-7.909951
-0.536637	-7.949062
-0.536637	-8.022887
-0.536637	-8.082913
-0.536637	-8.129119
-0.536637	-8.127002
-0.536637	-8.179137
-0.536637	-8.230718
-0.536637	-8.258274
-0.536637	-8.303440
-0.536637	-8.290168
-0.536637	-8.328847
-0.536637	-8.329801
-0.536637	-8.367505
-0.536637	-8.388849
-0.536637	-8.366680
-0.536637	-8.422677
-0.536637	-8.381941
-0.536637	-8.427397
-0.536637	-8.444929
-0.536637	-8.464695
-0.536637	-8.417605
-0.536637	-8.471687
-0.536637	-8.462797
-0.536637	-8.439087
-0.536637	-8.488344
-0.536637	-8.472865
-0.536637	-8.498757
-0.536637	-8.496312
-0.536637	-8.506815
-0.536637	-8.493111
-0.536637	-8.470719
-0.536637	-8.490267
-0.536637	-8.484448
-0.536637	-8.502038
-0.536637	-8.520024
-0.536637	-8.515316
-0.536637	-8.487133
-0.536637	-8.520600
-0.536637	-8.485233
-0.536637	-8.485892
-0.536637	-8.479857
-0.536637	-8.519190
-0.536637	-8.492861
-0.536637	-8.506757
-0.536637	-8.474852
-0.536637	-8.529044
-0.536637	-8.477433
-0.536637	-8.473915
-0.536637	-8.494315
-0.536637	-8.477823
-0.536637	-8.530336
-0.536637	-8.483449
-0.536637	-8.475863
-0.536637	-8.507707
-0.536637	-8.483140
-0.536637	-8.496920
-0.536637	-8.485555
-0.536637	-8.523909
-0.536637	-8.503788
-0.536637	-8.517367
-0.536637	-8.532402
-0.536637	-8.523894
-0.536637	-8.511627
-0.536637	-8.502733
-0.536637	-8.485095
-0.536637	-8.489751
-0.536637	-8.530864
-0.536637	-8.491176
-0.536637	-8.482678
-0.536637	-8.530189
-0.536637	-8.528850
0.733855	-8.524764
0.733855	-8.508721
0.733855	-8.484435
0.733855	-6.923766
0.733855	-4.533043
0.733855	-2.728644
0.733855	-1.557761
0.733855	-0.791063
0.733855	-0.323957
0.733855	-0.023507
0.733855	0.207428
0.733855	0.384888
0.733855	0.485728
0.733855	0.583508
0.733855	0.620116
0.733855	0.667266
0.733855	0.736779
0.733855	0.734644
0.733855	0.812422
0.733855	0.823928
0.733855	0.824036
0.733855	0.838307
0.733855	0.832925
0.733855	0.859912
0.733855	0.849561
0.733855	0.892676
0.733855	0.846683
0.733855	0.878097
0.733855	0.878472
0.733855	0.875381
0.733855	0.907893
0.733855	0.894914
0.733855	0.878338
0.733855	0.892583
0.733855	0.873357
0.733855	0.918851
0.733855	0.914084
0.733855	0.906379
0.733855	0.906521
0.733855	0.924033
0.733855	0.904618
0.733855	0.933765
0.733855	0.896446
0.733855	0.914041
0.733855	0.876883
0.733855	0.890195
0.733855	0.925998
0.733855	0.891078
0.733855	0.904454
0.733855	0.937520
0.733855	0.898949
0.733855	0.883064
0.733855	0.880091
0.733855	0.887308
0.733855	0.895178
0.733855	0.882412
0.733855	0.912596
0.733855	0.930256
0.733855	0.930442
0.733855	0.934511
0.733855	0.939430
0.733855	0.882227
0.733855	0.908233
0.733855	0.894978
0.733855	0.923307
0.733855	0.897562
0.733855	0.900524
0.733855	0.901880
0.733855	0.929262
0.733855	0.934722
0.733855	0.897188
0.733855	0.893820
0.733855	0.920169
0.733855	0.932303
0.733855	0.886908
0.733855	0.932331
0.733855	0.880658
0.733855	0.908055
0.733855	0.887016
0.733855	0.901431
-0.092572	0.897175
-0.092572	0.904911
-0.092572	0.937254
-0.092572	0.914132
-0.092572	0.854531
-0.092572	0.821627
-0.092572	0.763021
-0.092572	0.753244
-0.092572	0.658222
-0.092572	0.616198
-0.092572	0.522834
-0.092572	0.471662
-0.092572	0.384962
-0.092572	0.307982
-0.092572	0.238640
-0.092572	0.195751
-0.092572	0.079936
-0.092572	0.033201
-0.092572	-0.046741
-0.092572	-0.091554
-0.092572	-0.167900
-0.092572	-0.256586
-0.092572	-0.304147
-0.092572	-0.314216
-0.092572	-0.365449
-0.092572	-0.440174
-0.092572	-0.467683
-0.092572	-0.507056
-0.092572	-0.561932
-0.092572	-0.587343
-0.092572	-0.598186
-0.092572	-0.605825
-0.092572	-0.673218
-0.092572	-0.675818
-0.092572	-0.699129
-0.092572	-0.688898
-0.092572	-0.743800
-0.092572	-0.742165
-0.092572	-0.727670
-0.092572	-0.764024
-0.092572	-0.790327
-0.092572	-0.773779
-0.092572	-0.776416
-0.092572	-0.802398
-0.092572	-0.833369
-0.092572	-0.792990
-0.092572	-0.803481
-0.092572	-0.838297
-0.092572	-0.799392
-0.092572	-0.816510
-0.092572	-0.822308
-0.092572	-0.850205
-0.092572	-0.842004
-0.092572	-0.827048
-0.092572	-0.850518
-0.092572	-0.836196
-0.092572	-0.861542
-0.092572	-0.858035
-0.092572	-0.880711
-0.092572	-0.859427
-0.092572	-0.869417
-0.092572	-0.873553
-0.092572	-0.878214
-0.092572	-0.879643
-0.092572	-0.859280
-0.092572	-0.866011
-0.092572	-0.869770
-0.092572	-0.883649
-0.092572	-0.834316
-0.092572	-0.861421
-0.092572	-0.878860
-0.092572	-0.844170
-0.092572	-0.832192
-0.092572	-0.885868
-0.092572	-0.889027
-0.092572	-0.883170
-0.092572	-0.846494
-0.092572	-0.854003
-0.092572	-0.857272
-0.092572	-0.840898
0.140856	-0.842855
0.140856	-0.845644
0.140856	-0.841203
0.140856	-0.750740
0.140856	-0.547916
0.140856	-0.341788
0.140856	-0.211553
0.140856	-0.090767
0.140856	0.042612
0.140856	0.126797
0.140856	0.173490
0.140856	0.253449
0.140856	0.306159
0.140856	0.360130
0.140856	0.361702
0.140856	0.379423
0.140856	0.424966
0.140856	0.469942
0.140856	0.481891
0.140856	0.490330
0.140856	0.471192
0.140856	0.483415
0.140856	0.521049
0.140856	0.510667
0.140856	0.519518
0.140856	0.569973
0.140856	0.561626
0.140856	0.560670
0.140856	0.584434
0.140856	0.575808
0.140856	0.549524
0.140856	0.584617
0.140856	0.555999
0.140856	0.556687
0.140856	0.607156
0.140856	0.575701
0.140856	0.593070
0.140856	0.591731
0.140856	0.616813
0.140856	0.620264
0.140856	0.581856
0.140856	0.616306
0.140856	0.570869
0.140856	0.600544
0.140856	0.579141
0.140856	0.579980
0.140856	0.622284
0.140856	0.585597
0.140856	0.599039
0.140856	0.587344
0.140856	0.596172
0.140856	0.595707
0.140856	0.575366
0.140856	0.604087
0.140856	0.611837
0.140856	0.610716
0.140856	0.601007
0.140856	0.583954
0.140856	0.605437
0.140856	0.571396
0.140856	0.583312
0.140856	0.610234
0.140856	0.616136
0.140856	0.629450
0.140856	0.596062
0.140856	0.611029
0.140856	0.595133
0.140856	0.573508
0.140856	0.627860
0.140856	0.627275
0.140856	0.612302
0.140856	0.608150
0.140856	0.631143
0.140856	0.580694
0.140856	0.627270
0.140856	0.580974
0.140856	0.621237
0.140856	0.581414
0.140856	0.612565
0.140856	0.612257
-0.641000	0.629963
-0.641000	0.621842
-0.641000	0.597748
-0.641000	0.532389
-0.641000	0.411179
-0.641000	0.206154
-0.641000	0.025024
-0.641000	-0.262428
-0.641000	-0.597196
-0.641000	-0.912355
-0.641000	-1.297703
-0.641000	-1.732873
-0.641000	-2.156608
-0.641000	-2.569652
-0.641000	-3.021842
-0.641000	-3.439579
-0.641000	-3.859605
-0.641000	-4.245038
-0.641000	-4.672967
-0.641000	-5.073207
-0.641000	-5.419482
-0.641000	-5.725567
-0.641000	-6.050295
-0.641000	-6.360019
-0.641000	-6.653914
-0.641000	-6.914566
-0.641000	-7.147432
-0.641000	-7.420343
-0.641000	-7.580817
-0.641000	-7.769149
-0.641000	-7.937154
-0.641000	-8.087425
-0.641000	-8.273709
-0.641000	-8.379945
-0.641000	-8.495026
-0.641000	-8.619083
-0.641000	-8.704226
-0.641000	-8.790360
-0.641000	-8.877338
-0.641000	-8.948687
-0.641000	-9.019643
-0.641000	-9.038703
-0.641000	-9.104401
-0.641000	-9.184200
-0.641000	-9.171612
-0.641000	-9.225050
-0.641000	-9.289905
-0.641000	-9.276953
-0.641000	-9.351499
-0.641000	-9.340447
-0.641000	-9.345955
-0.641000	-9.379667
-0.641000	-9.401546
-0.641000	-9.408698
-0.641000	-9.414535
-0.641000	-9.457293
-0.641000	-9.453928
-0.641000	-9.458384
-0.641000	-9.453594
-0.641000	-9.479479
-0.641000	-9.526341
-0.641000	-9.527525
-0.641000	-9.513989
-0.641000	-9.539316
-0.641000	-9.503529
-0.641000	-9.549351
-0.641000	-9.505361
-0.641000	-9.532611
-0.641000	-9.551675
-0.641000	-9.514116
-0.641000	-9.516733
-0.641000	-9.539175
-0.641000	-9.538290
-0.641000	-9.573521
-0.641000	-9.565050
-0.641000	-9.531468
-0.641000	-9.558691
-0.641000	-9.526462
-0.641000	-9.535677
-0.641000	-9.522868
0.716512	-9.539499
0.716512	-9.530425
0.716512	-9.567766
0.716512	-7.768015
0.716512	-5.096393
0.716512	-3.094801
0.716512	-1.794514
0.716512	-0.931012
0.716512	-0.397205
0.716512	-0.067381
0.716512	0.204299
0.716512	0.336267
0.716512	0.451366
0.716512	0.541201
0.716512	0.641237
0.716512	0.676794
0.716512	0.711197
0.716512	0.759897
0.716512	0.752414
0.716512	0.802748
0.716512	0.806475
0.716512	0.849966
0.716512	0.858231
0.716512	0.844964
0.716512	0.873947
0.716512	0.852521
0.716512	0.845721
0.716512	0.880620
0.716512	0.902727
0.716512	0.902698
0.716512	0.881765
0.716512	0.892587
0.716512	0.868458
0.716512	0.921363
0.716512	0.888197
0.716512	0.869450
0.716512	0.884112
0.716512	0.921296
0.716512	0.907573
0.716512	0.879240
0.716512	0.876132
0.716512	0.918117
0.716512	0.893558
0.716512	0.883608
0.716512	0.904344
0.716512	0.883325
0.716512	0.916858
0.716512	0.921111
0.716512	0.917966
0.716512	0.903225
0.716512	0.920833
0.716512	0.932142
0.716512	0.900334
0.716512	0.903570
0.716512	0.920130
0.716512	0.898654
0.716512	0.919865
0.716512	0.884421
0.716512	0.930301
0.716512	0.930396
0.716512	0.922342
0.716512	0.893711
0.716512	0.900265
0.716512	0.930741
0.716512	0.907748
0.716512	0.908321
0.716512	0.905226
0.716512	0.900981
0.716512	0.908489
0.716512	0.891778
0.716512	0.935882
0.716512	0.932718
0.716512	0.934886
0.716512	0.909838
0.716512	0.897914
0.716512	0.933004
0.716512	0.895425
0.716512	0.909495
0.716512	0.928686
0.716512	0.889995
0.415557	0.880101
0.415557	0.934575
0.415557	0.909080
0.415557	0.923048
0.415557	0.900704
0.415557	0.890501
0.415557	0.924124
0.415557	0.885390
0.415557	0.913996
0.415557	0.875485
0.415557	0.911618
0.415557	0.910531
0.415557	0.905142
0.415557	0.865194
0.415557	0.856420
0.415557	0.905108
0.415557	0.881610
0.415557	0.903680
0.415557	0.891700
0.415557	0.852697
0.415557	0.870582
0.415557	0.862049
0.415557	0.890233
0.415557	0.888018
0.415557	0.854169
0.415557	0.894299
0.415557	0.868083
0.415557	0.890921
0.415557	0.884846
0.415557	0.899846
0.415557	0.867985
0.415557	0.885793
0.415557	0.855393
0.415557	0.879041
0.415557	0.868096
0.415557	0.848951
0.415557	0.895898
0.415557	0.876469
0.415557	0.893870
0.415557	0.866173
0.415557	0.884860
0.415557	0.899342
0.415557	0.873453
0.415557	0.860287
0.415557	0.875072
0.415557	0.887527
0.415557	0.861037
0.415557	0.849569
0.415557	0.889495
0.415557	0.861928
0.415557	0.894310
0.415557	0.898188
0.415557	0.890390
0.415557	0.857034
0.415557	0.899254
0.415557	0.894100
0.415557	0.896449
0.415557	0.868331
0.415557	0.845008
0.415557	0.851658
0.415557	0.858195
0.415557	0.853224
0.415557	0.844043
0.415557	0.888700
0.415557	0.899012
0.415557	0.855035
0.415557	0.852394
0.415557	0.888049
0.415557	0.884442
0.415557	0.862841
0.415557	0.875823
0.415557	0.847572
0.415557	0.853446
0.415557	0.867011
0.415557	0.892410
0.415557	0.847173
0.415557	0.899158
0.415557	0.858362
0.415557	0.842776
0.415557	0.875652
0.267509	0.850499
0.267509	0.884182
0.267509	0.843905
0.267509	0.839939
0.267509	0.847144
0.267509	0.874396
0.267509	0.850753
0.267509	0.841111
0.267509	0.863038
0.267509	0.814138
0.267509	0.848702
0.267509	0.825017
0.267509	0.824996
0.267509	0.807221
0.267509	0.819380
0.267509	0.814774
0.267509	0.805191
0.267509	0.804559
0.267509	0.807487
0.267509	0.780121
0.267509	0.811849
0.267509	0.832320
0.267509	0.797145
0.267509	0.801773
0.267509	0.782824
0.267509	0.819144
0.267509	0.774357
0.267509	0.803609
0.267509	0.810979
0.267509	0.769448
0.267509	0.782754
0.267509	0.785434
0.267509	0.779893
0.267509	0.824508
0.267509	0.802522
0.267509	0.816896
0.267509	0.766795
0.267509	0.800803
0.267509	0.803880
0.267509	0.804431
0.267509	0.784519
0.267509	0.816146
0.267509	0.799439
0.267509	0.785626
0.267509	0.778830
0.267509	0.793613
0.267509	0.773160
0.267509	0.787120
0.267509	0.785410
0.267509	0.771907
0.267509	0.786544
0.267509	0.773645
0.267509	0.793233
0.267509	0.796674
0.267509	0.774869
0.267509	0.781471
0.267509	0.804974
0.267509	0.787858
0.267509	0.767975
0.267509	0.804377
0.267509	0.817240
0.267509	0.820151
0.267509	0.800149
0.267509	0.788909
0.267509	0.768999
0.267509	0.794018
0.267509	0.775675
0.267509	0.819977
0.267509	0.783074
0.267509	0.798991
0.267509	0.788812
0.267509	0.820627
0.267509	0.799379
0.267509	0.767871
0.267509	0.791425
0.267509	0.807446
0.267509	0.802823
0.267509	0.794982
0.267509	0.767897
0.267509	0.812290
0.030698	0.812685
0.030698	0.773954
0.030698	0.792114
0.030698	0.807162
0.030698	0.762377
0.030698	0.712075
0.030698	0.701903
0.030698	0.633332
0.030698	0.659602
0.030698	0.573827
0.030698	0.588236
0.030698	0.510469
0.030698	0.539518
0.030698	0.502696
0.030698	0.483846
0.030698	0.430762
0.030698	0.432069
0.030698	0.370056
0.030698	0.393944
0.030698	0.347064
0.030698	0.349847
0.030698	0.342910
0.030698	0.322344
0.030698	0.296070
0.030698	0.295252
0.030698	0.298026
0.030698	0.250128
0.030698	0.266533
0.030698	0.247864
0.030698	0.262384
0.030698	0.269530
0.030698	0.210365
0.030698	0.230087
0.030698	0.251230
0.030698	0.232227
0.030698	0.207523
0.030698	0.242076
0.030698	0.228874
0.030698	0.190710
0.030698	0.239682
0.030698	0.182545
0.030698	0.220396
0.030698	0.182467
0.030698	0.191696
0.030698	0.218521
0.030698	0.206053
0.030698	0.228506
0.030698	0.223559
0.030698	0.181023
0.030698	0.171822
0.030698	0.195880
0.030698	0.190007
0.030698	0.213604
0.030698	0.209356
0.030698	0.223174
0.030698	0.215460
0.030698	0.170813
0.030698	0.183756
0.030698	0.211440
0.030698	0.215140
0.030698	0.182480
0.030698	0.173362
0.030698	0.220256
0.030698	0.189938
0.030698	0.168897
0.030698	0.191577
0.030698	0.194888
0.030698	0.177980
0.030698	0.203420
0.030698	0.175277
0.030698	0.212297
0.030698	0.219959
0.030698	0.171596
0.030698	0.161176
0.030698	0.179655
0.030698	0.177057
0.030698	0.205005
0.030698	0.190551
0.030698	0.183335
0.030698	0.215862
-0.062956	0.212570
-0.062956	0.216045
-0.062956	0.184975
-0.062956	0.196879
-0.062956	0.152171
-0.062956	0.074740
-0.062956	0.005844
-0.062956	-0.041362
-0.062956	-0.071811
-0.062956	-0.075428
-0.062956	-0.162624
-0.062956	-0.169843
-0.062956	-0.235168
-0.062956	-0.222515
-0.062956	-0.291590
-0.062956	-0.293478
-0.062956	-0.298254
-0.062956	-0.365017
-0.062956	-0.353223
-0.062956	-0.358816
-0.062956	-0.373313
-0.062956	-0.393428
-0.062956	-0.406304
-0.062956	-0.429996
-0.062956	-0.452983
-0.062956	-0.454883
-0.062956	-0.482903
-0.062956	-0.480392
-0.062956	-0.502269
-0.062956	-0.452128
-0.062956	-0.490542
-0.062956	-0.520721
-0.062956	-0.472187
-0.062956	-0.476930
-0.062956	-0.487599
-0.062956	-0.486394
-0.062956	-0.500736
-0.062956	-0.483959
-0.062956	-0.494066
-0.062956	-0.527904
-0.062956	-0.493617
-0.062956	-0.535037
-0.062956	-0.545998
-0.062956	-0.506590
-0.062956	-0.516733
-0.062956	-0.513985
-0.062956	-0.536806
-0.062956	-0.514548
-0.062956	-0.546541
-0.062956	-0.516200
-0.062956	-0.558036
-0.062956	-0.517021
-0.062956	-0.542785
-0.062956	-0.536185
-0.062956	-0.536010
-0.062956	-0.505384
-0.062956	-0.551550
-0.062956	-0.559074
-0.062956	-0.551680
-0.062956	-0.542928
-0.062956	-0.536752
-0.062956	-0.505348
-0.062956	-0.536930
-0.062956	-0.510589
-0.062956	-0.507340
-0.062956	-0.511381
-0.062956	-0.561878
-0.062956	-0.526893
-0.062956	-0.547867
-0.062956	-0.517034
-0.062956	-0.508639
-0.062956	-0.533817
-0.062956	-0.531886
-0.062956	-0.513570
-0.062956	-0.561396
-0.062956	-0.540381
-0.062956	-0.513971
-0.062956	-0.533513
-0.062956	-0.549513
-0.062956	-0.555856
-0.099101	-0.546814
-0.099101	-0.545016
-0.099101	-0.521667
-0.099101	-0.575904
-0.099101	-0.607372
-0.099101	-0.611599
-0.099101	-0.652098
-0.099101	-0.684459
-0.099101	-0.702533
-0.099101	-0.747508
-0.099101	-0.727913
-0.099101	-0.745836
-0.099101	-0.799074
-0.099101	-0.793019
-0.099101	-0.789923
-0.099101	-0.811672
-0.099101	-0.813119
-0.099101	-0.867052
-0.099101	-0.866630
-0.099101	-0.846624
-0.099101	-0.901345
-0.099101	-0.901000
-0.099101	-0.869481
-0.099101	-0.884288
-0.099101	-0.875222
-0.099101	-0.902753
-0.099101	-0.929443
-0.099101	-0.928513
-0.099101	-0.887131
-0.099101	-0.907058
-0.099101	-0.898464
-0.099101	-0.931414
-0.099101	-0.909533
-0.099101	-0.938038
-0.099101	-0.935628
-0.099101	-0.953915
-0.099101	-0.920921
-0.099101	-0.904345
-0.099101	-0.934312
-0.099101	-0.930443
-0.099101	-0.957779
-0.099101	-0.933346
-0.099101	-0.948400
-0.099101	-0.910561
-0.099101	-0.922472
-0.099101	-0.914427
-0.099101	-0.952892
-0.099101	-0.929216
-0.099101	-0.950722
-0.099101	-0.936846
-0.099101	-0.965463
-0.099101	-0.966874
-0.099101	-0.945463
-0.099101	-0.921084
-0.099101	-0.931107
-0.099101	-0.936990
-0.099101	-0.919115
-0.099101	-0.913375
-0.099101	-0.925165
-0.099101	-0.921885
-0.099101	-0.922363
-0.099101	-0.972024
-0.099101	-0.955441
-0.099101	-0.955645
-0.099101	-0.944781
-0.099101	-0.964308
-0.099101	-0.937037
-0.099101	-0.925457
-0.099101	-0.923163
-0.099101	-0.941905
-0.099101	-0.933209
-0.099101	-0.953923
-0.099101	-0.972800
-0.099101	-0.958351
-0.099101	-0.957811
-0.099101	-0.962897
-0.099101	-0.940145
-0.099101	-0.958769
-0.099101	-0.935276
-0.099101	-0.914925
0.406190	-0.914491
0.406190	-0.944378
0.406190	-0.966407
0.406190	-0.722682
0.406190	-0.396253
0.406190	-0.148793
0.406190	0.066531
0.406190	0.271008
0.406190	0.383746
0.406190	0.485381
0.406190	0.518326
0.406190	0.594662
0.406190	0.670081
0.406190	0.676570
0.406190	0.692919
0.406190	0.698935
0.406190	0.762880
0.406190	0.788402
0.406190	0.795640
0.406190	0.774638
0.406190	0.819547
0.406190	0.816797
0.406190	0.785442
0.406190	0.829188
0.406190	0.800777
0.406190	0.803756
0.406190	0.808179
0.406190	0.825529
0.406190	0.845268
0.406190	0.828389
0.406190	0.848756
0.406190	0.854945
0.406190	0.850656
0.406190	0.864914
0.406190	0.829544
0.406190	0.867185
0.406190	0.886690
0.406190	0.849207
0.406190	0.873062
0.406190	0.847405
0.406190	0.879050
0.406190	0.836848
0.406190	0.874717
0.406190	0.838395
0.406190	0.835053
0.406190	0.887423
0.406190	0.852206
0.406190	0.858328
0.406190	0.847267
0.406190	0.867492
0.406190	0.863699
0.406190	0.893297
0.406190	0.893157
0.406190	0.845843
0.406190	0.860317
0.406190	0.867459
0.406190	0.850048
0.406190	0.836521
0.406190	0.852333
0.406190	0.837771
0.406190	0.866247
0.406190	0.841193
0.406190	0.888984
0.406190	0.851069
0.406190	0.856495
0.406190	0.884389
0.406190	0.853843
0.406190	0.846537
0.406190	0.883508
0.406190	0.865289
0.406190	0.846696
0.406190	0.845360
0.406190	0.880746
0.406190	0.853376
0.406190	0.867167
0.406190	0.843427
0.406190	0.843907
0.406190	0.842965
0.406190	0.840845
0.406190	0.861951
0.826928	0.895778
0.826928	0.856244
0.826928	0.842869
0.826928	0.886714
0.826928	0.891706
0.826928	0.888339
0.826928	0.871718
0.826928	0.909161
0.826928	0.903681
0.826928	0.902266
0.826928	0.884230
0.826928	0.919832
0.826928	0.892309
0.826928	0.908102
0.826928	0.898040
0.826928	0.905476
0.826928	0.890550
0.826928	0.875224
0.826928	0.890601
0.826928	0.908441
0.826928	0.935382
0.826928	0.927145
0.826928	0.891021
0.826928	0.883291
0.826928	0.913881
0.826928	0.933245
0.826928	0.909134
0.826928	0.882504
0.826928	0.927948
0.826928	0.881848
0.826928	0.894365
0.826928	0.901844
0.826928	0.884518
0.826928	0.908378
0.826928	0.895175
0.826928	0.919232
0.826928	0.928624
0.826928	0.915786
0.826928	0.924301
0.826928	0.909130
0.826928	0.930804
0.826928	0.931128
0.826928	0.899502
0.826928	0.942094
0.826928	0.888390
0.826928	0.921120
0.826928	0.895351
0.826928	0.898906
0.826928	0.937379
0.826928	0.910678
0.826928	0.909535
0.826928	0.927931
0.826928	0.925880
0.826928	0.924938
0.826928	0.895800
0.826928	0.934044
0.826928	0.935841
0.826928	0.926245
0.826928	0.915441
0.826928	0.912928
0.826928	0.892337
0.826928	0.891173
0.826928	0.937015
0.826928	0.897404
0.826928	0.889345
0.826928	0.899382
0.826928	0.919113
0.826928	0.896240
0.826928	0.892975
0.826928	0.932907
0.826928	0.916857
0.826928	0.884847
0.826928	0.930453
0.826928	0.897884
0.826928	0.917256
0.826928	0.909941
0.826928	0.891741
0.826928	0.917570
0.826928	0.911224
0.826928	0.904911
0.175638	0.933523
0.175638	0.897529
0.175638	0.908054
0.175638	0.915953
0.175638	0.917348
0.175638	0.900928
0.175638	0.897385
0.175638	0.881375
0.175638	0.825071
0.175638	0.854405
0.175638	0.816084
0.175638	0.783407
0.175638	0.779149
0.175638	0.819977
0.175638	0.788874
0.175638	0.752245
0.175638	0.756322
0.175638	0.769175
0.175638	0.725673
0.175638	0.748180
0.175638	0.737532
0.175638	0.715923
0.175638	0.751876
0.175638	0.738760
0.175638	0.738159
0.175638	0.723803
0.175638	0.683332
0.175638	0.697854
0.175638	0.672160
0.175638	0.711720
0.175638	0.686919
0.175638	0.689371
0.175638	0.667954
0.175638	0.666109
0.175638	0.700792
0.175638	0.715626
0.175638	0.709188
0.175638	0.676663
0.175638	0.691312
0.175638	0.695590
0.175638	0.676734
0.175638	0.703384
0.175638	0.685338
0.175638	0.706729
0.175638	0.670562
0.175638	0.673596
0.175638	0.652540
0.175638	0.706417
0.175638	0.672675
0.175638	0.665915
0.175638	0.664250
0.175638	0.679852
0.175638	0.686356
0.175638	0.647379
0.175638	0.705062
0.175638	0.648384
0.175638	0.699758
0.175638	0.650145
0.175638	0.694954
0.175638	0.670432
0.175638	0.689712
0.175638	0.680487
0.175638	0.657616
0.175638	0.649088
0.175638	0.671184
0.175638	0.661048
0.175638	0.665125
0.175638	0.680407
0.175638	0.701674
0.175638	0.684110
0.175638	0.649677
0.175638	0.646709
0.175638	0.650626
0.175638	0.650728
0.175638	0.691994
0.175638	0.666407
0.175638	0.692952
0.175638	0.684935
0.175638	0.693698
0.175638	0.646851
-0.047061	0.672656
-0.047061	0.688925
-0.047061	0.665261
-0.047061	0.673943
-0.047061	0.586061
-0.047061	0.558036
-0.047061	0.539792
-0.047061	0.467331
-0.047061	0.410565
-0.047061	0.318314
-0.047061	0.284603
-0.047061	0.229990
-0.047061	0.189648
-0.047061	0.116880
-0.047061	0.123221
-0.047061	0.030002
-0.047061	0.039961
-0.047061	-0.043107
-0.047061	-0.078239
-0.047061	-0.055567
-0.047061	-0.123366
-0.047061	-0.116365
-0.047061	-0.149322
-0.047061	-0.161342
-0.047061	-0.214213
-0.047061	-0.188622
-0.047061	-0.220862
-0.047061	-0.265426
-0.047061	-0.246018
-0.047061	-0.275664
-0.047061	-0.259143
-0.047061	-0.263287
-0.047061	-0.281337
-0.047061	-0.334388
-0.047061	-0.327689
-0.047061	-0.317698
-0.047061	-0.337632
-0.047061	-0.327717
-0.047061	-0.360222
-0.047061	-0.316026
-0.047061	-0.368549
-0.047061	-0.357316
-0.047061	-0.375289
-0.047061	-0.362971
-0.047061	-0.380199
-0.047061	-0.346668
-0.047061	-0.392329
-0.047061	-0.349261
-0.047061	-0.387020
-0.047061	-0.375664
-0.047061	-0.361079
-0.047061	-0.387456
-0.047061	-0.352266
-0.047061	-0.378615
-0.047061	-0.387599
-0.047061	-0.364252
-0.047061	-0.344561
-0.047061	-0.362182
-0.047061	-0.357378
-0.047061	-0.392222
-0.047061	-0.375733
-0.047061	-0.383241
-0.047061	-0.359860
-0.047061	-0.354540
-0.047061	-0.355422
-0.047061	-0.347662
-0.047061	-0.370813
-0.047061	-0.362050
-0.047061	-0.387613
-0.047061	-0.353445
-0.047061	-0.353749
-0.047061	-0.381885
-0.047061	-0.377078
-0.047061	-0.364376
-0.047061	-0.376159
-0.047061	-0.366042
-0.047061	-0.370866
-0.047061	-0.387928
-0.047061	-0.379174
-0.047061	-0.372382
-0.952263	-0.389847
-0.952263	-0.365169
-0.952263	-0.352724
-0.952263	-0.528634
-0.952263	-0.754021
-0.952263	-1.137588
-0.952263	-1.547437
-0.952263	-1.938956
-0.952263	-2.451095
-0.952263	-2.895010
-0.952263	-3.386720
-0.952263	-3.840069
-0.952263	-4.340285
-0.952263	-4.837291
-0.952263	-5.295897
-0.952263	-5.720879
-0.952263	-6.111973
-0.952263	-6.497777
-0.952263	-6.891490
-0.952263	-7.245054
-0.952263	-7.539368
-0.952263	-7.836203
-0.952263	-8.125766
-0.952263	-8.406623
-0.952263	-8.599602
-0.952263	-8.803804
-0.952263	-9.008525
-0.952263	-9.186946
-0.952263	-9.363120
-0.952263	-9.509690
-0.952263	-9.669538
-0.952263	-9.758615
-0.952263	-9.880095
-0.952263	-10.009838
-0.952263	-10.044500
-0.952263	-10.171156
-0.952263	-10.253017
-0.952263	-10.313342
-0.952263	-10.356896
-0.952263	-10.430445
-0.952263	-10.475866
-0.952263	-10.512201
-0.952263	-10.554724
-0.952263	-10.550912
-0.952263	-10.621819
-0.952263	-10.624403
-0.952263	-10.652154
-0.952263	-10.687909
-0.952263	-10.693270
-0.952263	-10.737301
-0.952263	-10.741241
-0.952263	-10.715918
-0.952263	-10.784379
-0.952263	-10.765275
-0.952263	-10.780321
-0.952263	-10.805624
-0.952263	-10.798794
-0.952263	-10.791679
-0.952263	-10.813278
-0.952263	-10.807721
-0.952263	-10.846550
-0.952263	-10.832016
-0.952263	-10.825992
-0.952263	-10.822829
-0.952263	-10.832662
-0.952263	-10.856766
-0.952263	-10.829830
-0.952263	-10.828837
-0.952263	-10.871831
-0.952263	-10.841957
-0.952263	-10.820278
-0.952263	-10.837411
-0.952263	-10.835265
-0.952263	-10.839482
-0.952263	-10.856922
-0.952263	-10.864165
-0.952263	-10.829139
-0.952263	-10.868774
-0.952263	-10.830549
-0.952263	-10.849665
-0.688850	-10.886661
-0.688850	-10.858941
-0.688850	-10.883907
-0.688850	-10.851265
-0.688850	-10.739658
-0.688850	-10.655696
-0.688850	-10.605927
-0.688850	-10.510108
-0.688850	-10.423656
-0.688850	-10.375515
-0.688850	-10.361853
-0.688850	-10.282530
-0.688850	-10.230971
-0.688850	-10.213680
-0.688850	-10.180258
-0.688850	-10.179603
-0.688850	-10.150381
-0.688850	-10.075067
-0.688850	-10.080948
-0.688850	-10.051589
-0.688850	-10.072844
-0.688850	-10.056010
-0.688850	-10.033224
-0.688850	-10.013582
-0.688850	-10.019783
-0.688850	-9.970379
-0.688850	-9.978129
-0.688850	-9.975960
-0.688850	-9.954893
-0.688850	-9.950591
-0.688850	-9.973867
-0.688850	-9.953279
-0.688850	-9.919986
-0.688850	-9.933739
-0.688850	-9.910054
-0.688850	-9.935645
-0.688850	-9.920449
-0.688850	-9.950474
-0.688850	-9.916349
-0.688850	-9.913683
-0.688850	-9.936187
-0.688850	-9.909763
-0.688850	-9.939754
-0.688850	-9.906845
-0.688850	-9.908623
-0.688850	-9.917264
-0.688850	-9.917181
-0.688850	-9.913524
-0.688850	-9.915520
-0.688850	-9.899868
-0.688850	-9.933031
-0.688850	-9.886414
-0.688850	-9.906825
-0.688850	-9.938399
-0.688850	-9.911984
-0.688850	-9.891958
-0.688850	-9.903508
-0.688850	-9.922754
-0.688850	-9.881106
-0.688850	-9.892622
-0.688850	-9.882893
-0.688850	-9.930684
-0.688850	-9.885694
-0.688850	-9.930455
-0.688850	-9.908668
-0.688850	-9.900644
-0.688850	-9.903558
-0.688850	-9.908898
-0.688850	-9.932254
-0.688850	-9.907750
-0.688850	-9.899027
-0.688850	-9.916495
-0.688850	-9.910819
-0.688850	-9.926614
-0.688850	-9.935897
-0.688850	-9.919228
-0.688850	-9.909194
-0.688850	-9.932995
-0.688850	-9.888228
-0.688850	-9.912685
0.504587	-9.922939
0.504587	-9.881160
0.504587	-9.887605
0.504587	-8.098243
0.504587	-5.369354
0.504587	-3.325149
0.504587	-2.009232
0.504587	-1.110336
0.504587	-0.554046
0.504587	-0.200775
0.504587	0.062373
0.504587	0.241467
0.504587	0.371345
0.504587	0.482889
0.504587	0.568722
0.504587	0.647574
0.504587	0.678840
0.504587	0.709812
0.504587	0.732067
0.504587	0.759434
0.504587	0.772674
0.504587	0.812783
0.504587	0.835080
0.504587	0.827392
0.504587	0.824413
0.504587	0.826848
0.504587	0.857744
0.504587	0.875279
0.504587	0.850509
0.504587	0.842578
0.504587	0.867747
0.504587	0.874309
0.504587	0.873532
0.504587	0.876592
0.504587	0.866645
0.504587	0.859511
0.504587	0.847038
0.504587	0.884725
0.504587	0.867901
0.504587	0.863721
0.504587	0.888492
0.504587	0.880730
0.504587	0.857896
0.504587	0.872495
0.504587	0.858006
0.504587	0.863455
0.504587	0.882074
0.504587	0.910115
0.504587	0.895231
0.504587	0.883376
0.504587	0.894451
0.504587	0.861392
0.504587	0.906768
0.504587	0.878964
0.504587	0.913289
0.504587	0.914435
0.504587	0.878996
0.504587	0.869110
0.504587	0.907854
0.504587	0.869879
0.504587	0.869145
0.504587	0.883268
0.504587	0.907653
0.504587	0.889072
0.504587	0.860887
0.504587	0.905570
0.504587	0.917045
0.504587	0.916470
0.504587	0.877187
0.504587	0.870579
0.504587	0.874239
0.504587	0.888308
0.504587	0.897641
0.504587	0.867026
0.504587	0.877372
0.504587	0.871167
0.504587	0.883446
0.504587	0.860673
0.504587	0.876177
0.504587	0.864450
0.591439	0.904414
0.591439	0.910501
0.591439	0.861495
0.591439	0.872135
0.591439	0.898429
0.591439	0.906673
0.591439	0.906491
0.591439	0.902048
0.591439	0.908692
0.591439	0.900653
0.591439	0.920737
0.591439	0.900966
0.591439	0.886132
0.591439	0.878123
0.591439	0.923369
0.591439	0.884113
0.591439	0.876781
0.591439	0.898714
0.591439	0.926376
0.591439	0.874449
0.591439	0.905036
0.591439	0.882532
0.591439	0.916327
0.591439	0.922711
0.591439	0.897648
0.591439	0.885793
0.591439	0.898729
0.591439	0.894573
0.591439	0.898136
0.591439	0.880132
0.591439	0.889278
0.591439	0.904147
0.591439	0.907833
0.591439	0.876923
0.591439	0.923351
0.591439	0.923430
0.591439	0.924836
0.591439	0.917443
0.591439	0.912572
0.591439	0.922631
0.591439	0.872322
0.591439	0.871013
0.591439	0.878686
0.591439	0.920312
0.591439	0.911675
0.591439	0.909618
0.591439	0.875155
0.591439	0.905671
0.591439	0.922993
0.591439	0.911869
0.591439	0.910532
0.591439	0.883887
0.591439	0.905997
0.591439	0.905069
0.591439	0.884454
0.591439	0.903217
0.591439	0.880655
0.591439	0.879927
0.591439	0.896410
0.591439	0.912309
0.591439	0.910023
0.591439	0.915776
0.591439	0.905760
0.591439	0.901295
0.591439	0.893856
0.591439	0.881615
0.591439	0.911681
0.591439	0.892323
0.591439	0.912645
0.591439	0.923194
0.591439	0.919321
0.591439	0.903189
0.591439	0.897102
0.591439	0.885952
0.591439	0.921701
0.591439	0.905341
0.591439	0.912794
0.591439	0.893587
0.591439	0.881486
0.591439	0.896314
0.322679	0.922751
0.322679	0.883399
0.322679	0.930228
0.322679	0.905898
0.322679	0.910140
0.322679	0.902087
0.322679	0.857811
0.322679	0.880006
0.322679	0.877750
0.322679	0.872896
0.322679	0.886987
0.322679	0.885121
0.322679	0.878897
0.322679	0.886636
0.322679	0.831305
0.322679	0.838593
0.322679	0.878312
0.322679	0.821633
0.322679	0.866586
0.322679	0.845750
0.322679	0.817796
0.322679	0.814007
0.322679	0.828181
0.322679	0.841245
0.322679	0.854165
0.322679	0.830734
0.322679	0.844443
0.322679	0.825983
0.322679	0.835531
0.322679	0.835528
0.322679	0.838916
0.322679	0.810492
0.322679	0.820211
0.322679	0.832800
0.322679	0.847799
0.322679	0.805828
0.322679	0.820432
0.322679	0.807675
0.322679	0.809027
0.322679	0.856082
0.322679	0.838914
0.322679	0.845761
0.322679	0.848248
0.322679	0.836941
0.322679	0.848321
0.322679	0.859554
0.322679	0.853765
0.322679	0.843017
0.322679	0.844630
0.322679	0.851434
0.322679	0.854372
0.322679	0.809714
0.322679	0.817350
0.322679	0.817931
0.322679	0.834147
0.322679	0.826315
0.322679	0.857274
0.322679	0.829237
0.322679	0.816849
0.322679	0.800754
0.322679	0.815355
0.322679	0.839759
0.322679	0.832991
0.322679	0.851558
0.322679	0.850572
0.322679	0.859729
0.322679	0.800972
0.322679	0.810774
0.322679	0.806326
0.322679	0.835229
0.322679	0.834068
0.322679	0.811316
0.322679	0.841744
0.322679	0.825426
0.322679	0.844096
0.322679	0.836976
0.322679	0.820121
0.322679	0.844776
0.322679	0.844712
0.322679	0.842805
-0.732221	0.810730
-0.732221	0.852598
-0.732221	0.827571
-0.732221	0.793544
-0.732221	0.718900
-0.732221	0.633063
-0.732221	0.451443
-0.732221	0.260229
-0.732221	0.034916
-0.732221	-0.265471
-0.732221	-0.587221
-0.732221	-0.997722
-0.732221	-1.381622
-0.732221	-1.813484
-0.732221	-2.224901
-0.732221	-2.692035
-0.732221	-3.135011
-0.732221	-3.598539
-0.732221	-4.052869
-0.732221	-4.491202
-0.732221	-4.903699
-0.732221	-5.311042
-0.732221	-5.695135
-0.732221	-6.087851
-0.732221	-6.400076
-0.732221	-6.725577
-0.732221	-7.055963
-0.732221	-7.325778
-0.732221	-7.584591
-0.732221	-7.836092
-0.732221	-8.018993
-0.732221	-8.233225
-0.732221	-8.434233
-0.732221	-8.626305
-0.732221	-8.738767
-0.732221	-8.880911
-0.732221	-9.036995
-0.732221	-9.124713
-0.732221	-9.228932
-0.732221	-9.323637
-0.732221	-9.403849
-0.732221	-9.513663
-0.732221	-9.580193
-0.732221	-9.625162
-0.732221	-9.681720
-0.732221	-9.699996
-0.732221	-9.784006
-0.732221	-9.790050
-0.732221	-9.856265
-0.732221	-9.884859
-0.732221	-9.906006
-0.732221	-9.915489
-0.732221	-9.954876
-0.732221	-10.002767
-0.732221	-10.019777
-0.732221	-10.044395
-0.732221	-10.036173
-0.732221	-10.029978
-0.732221	-10.047500
-0.732221	-10.061952
-0.732221	-10.055108
-0.732221	-10.098112
-0.732221	-10.075120
-0.732221	-10.115969
-0.732221	-10.125946
-0.732221	-10.112153
-0.732221	-10.112725
-0.732221	-10.150867
-0.732221	-10.139141
-0.732221	-10.129524
-0.732221	-10.141301
-0.732221	-10.109015
-0.732221	-10.142633
-0.732221	-10.161635
-0.732221	-10.163960
-0.732221	-10.140343
-0.732221	-10.127923
-0.732221	-10.149648
-0.732221	-10.159055
-0.732221	-10.160772
-0.444150	-10.169658
-0.444150	-10.128101
-0.444150	-10.154540
-0.444150	-10.043762
-0.444150	-9.746474
-0.444150	-9.455669
-0.444150	-9.230386
-0.444150	-9.010277
-0.444150	-8.793939
-0.444150	-8.592813
-0.444150	-8.405968
-0.444150	-8.287068
-0.444150	-8.175739
-0.444150	-8.027839
-0.444150	-7.934264
-0.444150	-7.857978
-0.444150	-7.808358
-0.444150	-7.755039
-0.444150	-7.680212
-0.444150	-7.621065
-0.444150	-7.559805
-0.444150	-7.550939
-0.444150	-7.497924
-0.444150	-7.428936
-0.444150	-7.410733
-0.444150	-7.404419
-0.444150	-7.355238
-0.444150	-7.318479
-0.444150	-7.325465
-0.444150	-7.313544
-0.444150	-7.326313
-0.444150	-7.274928
-0.444150	-7.257177
-0.444150	-7.247973
-0.444150	-7.274541
-0.444150	-7.270810
-0.444150	-7.253841
-0.444150	-7.236803
-0.444150	-7.219034
-0.444150	-7.223721
-0.444150	-7.202389
-0.444150	-7.181846
-0.444150	-7.177851
-0.444150	-7.185344
-0.444150	-7.206047
-0.444150	-7.209382
-0.444150	-7.200442
-0.444150	-7.178774
-0.444150	-7.209106
-0.444150	-7.212024
-0.444150	-7.157140
-0.444150	-7.165082
-0.444150	-7.201602
-0.444150	-7.197930
-0.444150	-7.189606
-0.444150	-7.154766
-0.444150	-7.173239
-0.444150	-7.144253
-0.444150	-7.188592
-0.444150	-7.149423
-0.444150	-7.190175
-0.444150	-7.143306
-0.444150	-7.168651
-0.444150	-7.141404
-0.444150	-7.145781
-0.444150	-7.156671
-0.444150	-7.186931
-0.444150	-7.155839
-0.444150	-7.177354
-0.444150	-7.191345
-0.444150	-7.145888
-0.444150	-7.160138
-0.444150	-7.197032
-0.444150	-7.145325
-0.444150	-7.177506
-0.444150	-7.177410
-0.444150	-7.140860
-0.444150	-7.138806
-0.444150	-7.165952
-0.444150	-7.179952
-0.834616	-7.173284
-0.834616	-7.143000
-0.834616	-7.165655
-0.834616	-7.282767
-0.834616	-7.500179
-0.834616	-7.733981
-0.834616	-7.995241
-0.834616	-8.276540
-0.834616	-8.450520
-0.834616	-8.681979
-0.834616	-8.866350
-0.834616	-9.050474
-0.834616	-9.173459
-0.834616	-9.344793
-0.834616	-9.458929
-0.834616	-9.539486
-0.834616	-9.643432
-0.834616	-9.732466
-0.834616	-9.859514
-0.834616	-9.902175
-0.834616	-10.008368
-0.834616	-10.022642
-0.834616	-10.127904
-0.834616	-10.126481
-0.834616	-10.203309
-0.834616	-10.238183
-0.834616	-10.262728
-0.834616	-10.314240
-0.834616	-10.353845
-0.834616	-10.384719
-0.834616	-10.358666
-0.834616	-10.430872
-0.834616	-10.407641
-0.834616	-10.466188
-0.834616	-10.452743
-0.834616	-10.457017
-0.834616	-10.466680
-0.834616	-10.516160
-0.834616	-10.493090
-0.834616	-10.517592
-0.834616	-10.531938
-0.834616	-10.541124
-0.834616	-10.530057
-0.834616	-10.538797
-0.834616	-10.539085
-0.834616	-10.537473
-0.834616	-10.524720
-0.834616	-10.583169
-0.834616	-10.573494
-0.834616	-10.561473
-0.834616	-10.583110
-0.834616	-10.593247
-0.834616	-10.589434
-0.834616	-10.576064
-0.834616	-10.568654
-0.834616	-10.544669
-0.834616	-10.575940
-0.834616	-10.585319
-0.834616	-10.579734
-0.834616	-10.575724
-0.834616	-10.552074
-0.834616	-10.608886
-0.834616	-10.603943
-0.834616	-10.583804
-0.834616	-10.590552
-0.834616	-10.601943
-0.834616	-10.560037
-0.834616	-10.562862
-0.834616	-10.604222
-0.834616	-10.596398
-0.834616	-10.575713
-0.834616	-10.594299
-0.834616	-10.603927
-0.834616	-10.609585
-0.834616	-10.590072
-0.834616	-10.572202
-0.834616	-10.583215
-0.834616	-10.575929
-0.834616	-10.570744
-0.834616	-10.586654
0.608955	-10.572915
0.608955	-10.612758
0.608955	-10.585818
0.608955	-8.600298
0.608955	-5.623400
0.608955	-3.462648
0.608955	-2.040190
0.608955	-1.109334
0.608955	-0.505977
0.608955	-0.175903
0.608955	0.094119
0.608955	0.298607
0.608955	0.406338
0.608955	0.547306
0.608955	0.599017
0.608955	0.657704
0.608955	0.701535
0.608955	0.741366
0.608955	0.772021
0.608955	0.792010
0.608955	0.795286
0.608955	0.803774
0.608955	0.852958
0.608955	0.841588
0.608955	0.836525
0.608955	0.837435
0.608955	0.871062
0.608955	0.846059
0.608955	0.842932
0.608955	0.854786
0.608955	0.884506
0.608955	0.865190
0.608955	0.860583
0.608955	0.854971
0.608955	0.914194
0.608955	0.891941
0.608955	0.866311
0.608955	0.864409
0.608955	0.887378
0.608955	0.887619
0.608955	0.866233
0.608955	0.925000
0.608955	0.881177
0.608955	0.890748
0.608955	0.895866
0.608955	0.882239
0.608955	0.924736
0.608955	0.913381
0.608955	0.910279
0.608955	0.878493
0.608955	0.903204
0.608955	0.873437
0.608955	0.907945
0.608955	0.874329
0.608955	0.918813
0.608955	0.892194
0.608955	0.886825
0.608955	0.881176
0.608955	0.877310
0.608955	0.900978
0.608955	0.905476
0.608955	0.916298
0.608955	0.906609
0.608955	0.896480
0.608955	0.893897
0.608955	0.881721
0.608955	0.916383
0.608955	0.873898
0.608955	0.918429
0.608955	0.894163
0.608955	0.925711
0.608955	0.873496
0.608955	0.905130
0.608955	0.905490
0.608955	0.932025
0.608955	0.926332
0.608955	0.878809
0.608955	0.900000
0.608955	0.890489
0.608955	0.899843
0.701917	0.898060
0.701917	0.872840
0.701917	0.922693
0.701917	0.924893
0.701917	0.880956
0.701917	0.886302
0.701917	0.896824
0.701917	0.927169
0.701917	0.929681
0.701917	0.893525
0.701917	0.928582
0.701917	0.934333
0.701917	0.894757
0.701917	0.933284
0.701917	0.915610
0.701917	0.883899
0.701917	0.920437
0.701917	0.887171
0.701917	0.907178
0.701917	0.927051
0.701917	0.879873
0.701917	0.919975
0.701917	0.888805
0.701917	0.893074
0.701917	0.887531
0.701917	0.914751
0.701917	0.915885
0.701917	0.911852
0.701917	0.921063
0.701917	0.882673
0.701917	0.892795
0.701917	0.906714
0.701917	0.899331
0.701917	0.892581
0.701917	0.881683
0.701917	0.933351
0.701917	0.887086
0.701917	0.906937
0.701917	0.898201
0.701917	0.881748
0.701917	0.916091
0.701917	0.902873
0.701917	0.923783
0.701917	0.895567
0.701917	0.883208
0.701917	0.888660
0.701917	0.911444
0.701917	0.931183
0.701917	0.919331
0.701917	0.901241
0.701917	0.923639
0.701917	0.928546
0.701917	0.895649
0.701917	0.908824
0.701917	0.879825
0.701917	0.904072
0.701917	0.928443
0.701917	0.938382
0.701917	0.908121
0.701917	0.896988
0.701917	0.898722
0.701917	0.931431
0.701917	0.924908
0.701917	0.889836
0.701917	0.926547
0.701917	0.931352
0.701917	0.923885
0.701917	0.924296
0.701917	0.922157
0.701917	0.909683
0.701917	0.900086
0.701917	0.926680
0.701917	0.879507
0.701917	0.885167
0.701917	0.900562
0.701917	0.932873
0.701917	0.919238
0.701917	0.889432
0.701917	0.931042
0.701917	0.904629
-0.885771	0.921765
-0.885771	0.930341
-0.885771	0.879335
-0.885771	0.878329
-0.885771	0.843234
-0.885771	0.787820
-0.885771	0.620469
-0.885771	0.502644
-0.885771	0.265967
-0.885771	0.018641
-0.885771	-0.247814
-0.885771	-0.596260
-0.885771	-0.952209
-0.885771	-1.357387
-0.885771	-1.772101
-0.885771	-2.202676
-0.885771	-2.677999
-0.885771	-3.193102
-0.885771	-3.643083
-0.885771	-4.140097
-0.885771	-4.591473
-0.885771	-5.027392
-0.885771	-5.460197
-0.885771	-5.914069
-0.885771	-6.307334
-0.885771	-6.669866
-0.885771	-7.023758
-0.885771	-7.357213
-0.885771	-7.668368
-0.885771	-7.956202
-0.885771	-8.211864
-0.885771	-8.431462
-0.885771	-8.635727
-0.885771	-8.833944
-0.885771	-9.008512
-0.885771	-9.197331
-0.885771	-9.372022
-0.885771	-9.460453
-0.885771	-9.586742
-0.885771	-9.734943
-0.885771	-9.835412
-0.885771	-9.910934
-0.885771	-9.978173
-0.885771	-10.050099
-0.885771	-10.147268
-0.885771	-10.180548
-0.885771	-10.282217
-0.885771	-10.322046
-0.885771	-10.363289
-0.885771	-10.407213
-0.885771	-10.442422
-0.885771	-10.449835
-0.885771	-10.467042
-0.885771	-10.500789
-0.885771	-10.510950
-0.885771	-10.527529
-0.885771	-10.587038
-0.885771	-10.565034
-0.885771	-10.623664
-0.885771	-10.641750
-0.885771	-10.651408
-0.885771	-10.634091
-0.885771	-10.664892
-0.885771	-10.645890
-0.885771	-10.692309
-0.885771	-10.662129
-0.885771	-10.705396
-0.885771	-10.705432
-0.885771	-10.679746
-0.885771	-10.683635
-0.885771	-10.665935
-0.885771	-10.724973
-0.885771	-10.678977
-0.885771	-10.725505
-0.885771	-10.716310
-0.885771	-10.702484
-0.885771	-10.729111
-0.885771	-10.716293
-0.885771	-10.700735
-0.885771	-10.741392
0.844459	-10.743118
0.844459	-10.703629
0.844459	-10.727255
0.844459	-8.679488
0.844459	-5.619825
0.844459	-3.385337
0.844459	-1.942396
0.844459	-1.061836
0.844459	-0.486465
0.844459	-0.096088
0.844459	0.137285
0.844459	0.354523
0.844459	0.476879
0.844459	0.553814
0.844459	0.610108
0.844459	0.690484
0.844459	0.706162
0.844459	0.763467
0.844459	0.799552
0.844459	0.783234
0.844459	0.814501
0.844459	0.806575
0.844459	0.851691
0.844459	0.870886
0.844459	0.848668
0.844459	0.878270
0.844459	0.901898
0.844459	0.899286
0.844459	0.886834
0.844459	0.883347
0.844459	0.899498
0.844459	0.870868
0.844459	0.902382
0.844459	0.894024
0.844459	0.904062
0.844459	0.902085
0.844459	0.900324
0.844459	0.916552
0.844459	0.933647
0.844459	0.882291
0.844459	0.922804
0.844459	0.931832
0.844459	0.913956
0.844459	0.894805
0.844459	0.921354
0.844459	0.936846
0.844459	0.883753
0.844459	0.909557
0.844459	0.923212
0.844459	0.938133
0.844459	0.895598
0.844459	0.924818
0.844459	0.899695
0.844459	0.882487
0.844459	0.914827
0.844459	0.886144
0.844459	0.904218
0.844459	0.939851
0.844459	0.941307
0.844459	0.914757
0.844459	0.900150
0.844459	0.913086
0.844459	0.917387
0.844459	0.890238
0.844459	0.913754
0.844459	0.914378
0.844459	0.936791
0.844459	0.909214
0.844459	0.943025
0.844459	0.930715
0.844459	0.906905
0.844459	0.914921
0.844459	0.928506
0.844459	0.912168
0.844459	0.888953
0.844459	0.884549
0.844459	0.912197
0.844459	0.941107
0.844459	0.907243
0.844459	0.899534
0.820722	0.931983
0.820722	0.917574
0.820722	0.930776
0.820722	0.939823
0.820722	0.907442
0.820722	0.908321
0.820722	0.911151
0.820722	0.920216
0.820722	0.898632
0.820722	0.932313
0.820722	0.899295
0.820722	0.943509
0.820722	0.934161
0.820722	0.921476
0.820722	0.937119
0.820722	0.929637
0.820722	0.908422
0.820722	0.919121
0.820722	0.890741
0.820722	0.920030
0.820722	0.929913
0.820722	0.937541
0.820722	0.937036
0.820722	0.903861
0.820722	0.905036
0.820722	0.900050
0.820722	0.887929
0.820722	0.886840
0.820722	0.885446
0.820722	0.918781
0.820722	0.896673
0.820722	0.905112
0.820722	0.890975
0.820722	0.925297
0.820722	0.904316
0.820722	0.933899
0.820722	0.939998
0.820722	0.941527
0.820722	0.927355
0.820722	0.899333
0.820722	0.889796
0.820722	0.929165
0.820722	0.935837
0.820722	0.886090
0.820722	0.906582
0.820722	0.920240
0.820722	0.926066
0.820722	0.936505
0.820722	0.886481
0.820722	0.914593
0.820722	0.913134
0.820722	0.925377
0.820722	0.900575
0.820722	0.936465
0.820722	0.905611
0.820722	0.928103
0.820722	0.887289
0.820722	0.909095
0.820722	0.931746
0.820722	0.925841
0.820722	0.923339
0.820722	0.941979
0.820722	0.892003
0.820722	0.888331
0.820722	0.928009
0.820722	0.942234
0.820722	0.927677
0.820722	0.899816
0.820722	0.927524
0.820722	0.906616
0.820722	0.917466
0.820722	0.930713
0.820722	0.921056
0.820722	0.915070
0.820722	0.927916
0.820722	0.888588
0.820722	0.921002
0.820722	0.908428
0.820722	0.895986
0.820722	0.892728
-0.125023	0.916621
-0.125023	0.903538
-0.125023	0.914147
-0.125023	0.879853
-0.125023	0.899298
-0.125023	0.817297
-0.125023	0.793573
-0.125023	0.727027
-0.125023	0.680036
-0.125023	0.581039
-0.125023	0.518015
-0.125023	0.436695
-0.125023	0.320563
-0.125023	0.211213
-0.125023	0.142288
-0.125023	0.025338
-0.125023	-0.057126
-0.125023	-0.138898
-0.125023	-0.213883
-0.125023	-0.322013
-0.125023	-0.384383
-0.125023	-0.459527
-0.125023	-0.552289
-0.125023	-0.580479
-0.125023	-0.644728
-0.125023	-0.739401
-0.125023	-0.796343
-0.125023	-0.838872
-0.125023	-0.892614
-0.125023	-0.926113
-0.125023	-0.950401
-0.125023	-0.947211
-0.125023	-1.011121
-0.125023	-1.046793
-0.125023	-1.037748
-0.125023	-1.084242
-0.125023	-1.090856
-0.125023	-1.095511
-0.125023	-1.123212
-0.125023	-1.142992
-0.125023	-1.140450
-0.125023	-1.170213
-0.125023	-1.216797
-0.125023	-1.170857
-0.125023	-1.195495
-0.125023	-1.243526
-0.125023	-1.240855
-0.125023	-1.241244
-0.125023	-1.210119
-0.125023	-1.213452
-0.125023	-1.274055
-0.125023	-1.260274
-0.125023	-1.254718
-0.125023	-1.262198
-0.125023	-1.270073
-0.125023	-1.289274
-0.125023	-1.271717
-0.125023	-1.255790
-0.125023	-1.251911
-0.125023	-1.272282
-0.125023	-1.297085
-0.125023	-1.284326
-0.125023	-1.289835
-0.125023	-1.300310
-0.125023	-1.290519
-0.125023	-1.303215
-0.125023	-1.259884
-0.125023	-1.256796
-0.125023	-1.256339
-0.125023	-1.274118
-0.125023	-1.305278
-0.125023	-1.291541
-0.125023	-1.261966
-0.125023	-1.306962
-0.125023	-1.261909
-0.125023	-1.267130
-0.125023	-1.279251
-0.125023	-1.285889
-0.125023	-1.274683
-0.125023	-1.294273
0.737930	-1.313970
0.737930	-1.298835
0.737930	-1.270397
0.737930	-0.996907
0.737930	-0.562211
0.737930	-0.166251
0.737930	0.054438
0.737930	0.284494
0.737930	0.400618
0.737930	0.498462
0.737930	0.627961
0.737930	0.675745
0.737930	0.676644
0.737930	0.734910
0.737930	0.738330
0.737930	0.796213
0.737930	0.790688
0.737930	0.797461
0.737930	0.823555
0.737930	0.852996
0.737930	0.849993
0.737930	0.859471
0.737930	0.859230
0.737930	0.854561
0.737930	0.857442
0.737930	0.894528
0.737930	0.906652
0.737930	0.861064
0.737930	0.867641
0.737930	0.886289
0.737930	0.900684
0.737930	0.883596
0.737930	0.920595
0.737930	0.901086
0.737930	0.889521
0.737930	0.915701
0.737930	0.901690
0.737930	0.913319
0.737930	0.900984
0.737930	0.891595
0.737930	0.880328
0.737930	0.904856
0.737930	0.933224
0.737930	0.911151
0.737930	0.890098
0.737930	0.886724
0.737930	0.879455
0.737930	0.904918
0.737930	0.885741
0.737930	0.934918
0.737930	0.895268
0.737930	0.926562
0.737930	0.910888
0.737930	0.935527
0.737930	0.885888
0.737930	0.934562
0.737930	0.884951
0.737930	0.907258
0.737930	0.889350
0.737930	0.892411
0.737930	0.918638
0.737930	0.880534
0.737930	0.888168
0.737930	0.929271
0.737930	0.882311
0.737930	0.938157
0.737930	0.914838
0.737930	0.915547
0.737930	0.897175
0.737930	0.940033
0.737930	0.938057
0.737930	0.930400
0.737930	0.933874
0.737930	0.910882
0.737930	0.881032
0.737930	0.935111
0.737930	0.888190
0.737930	0.881399
0.737930	0.887532
0.737930	0.922026
0.394170	0.890759
0.394170	0.932160
0.394170	0.893870
0.394170	0.892436
0.394170	0.887925
0.394170	0.892929
0.394170	0.905799
0.394170	0.866811
0.394170	0.904308
0.394170	0.910465
0.394170	0.860695
0.394170	0.891415
0.394170	0.869956
0.394170	0.872574
0.394170	0.892495
0.394170	0.900956
0.394170	0.869326
0.394170	0.869588
0.394170	0.890864
0.394170	0.878471
0.394170	0.871024
0.394170	0.840969
0.394170	0.881375
0.394170	0.843477
0.394170	0.888468
0.394170	0.838847
0.394170	0.864436
0.394170	0.843021
0.394170	0.870983
0.394170	0.872625
0.394170	0.845274
0.394170	0.850406
0.394170	0.881941
0.394170	0.865834
0.394170	0.893254
0.394170	0.879371
0.394170	0.888182
0.394170	0.841919
0.394170	0.840419
0.394170	0.862179
0.394170	0.891361
0.394170	0.835316
0.394170	0.843310
0.394170	0.834752
0.394170	0.854044
0.394170	0.881261
0.394170	0.892134
0.394170	0.892186
0.394170	0.838860
0.394170	0.873789
0.394170	0.862205
0.394170	0.891560
0.394170	0.855956
0.394170	0.851729
0.394170	0.879212
0.394170	0.889314
0.394170	0.885507
0.394170	0.882165
0.394170	0.865153
0.394170	0.849499
0.394170	0.852532
0.394170	0.855820
0.394170	0.859504
0.394170	0.848633
0.394170	0.859607
0.394170	0.871899
0.394170	0.885827
0.394170	0.846434
0.394170	0.892851
0.394170	0.881353
0.394170	0.847968
0.394170	0.863821
0.394170	0.848955
0.394170	0.842327
0.394170	0.838181
0.394170	0.874017
0.394170	0.871115
0.394170	0.840791
0.394170	0.861434
0.394170	0.859210
0.808130	0.878645
0.808130	0.840569
0.808130	0.889341
0.808130	0.892425
0.808130	0.848494
0.808130	0.901530
0.808130	0.873548
0.808130	0.858069
0.808130	0.858116
0.808130	0.903573
0.808130	0.874052
0.808130	0.895211
0.808130	0.884920
0.808130	0.895737
0.808130	0.905519
0.808130	0.918094
0.808130	0.891464
0.808130	0.913175
0.808130	0.895310
0.808130	0.901520
0.808130	0.881000
0.808130	0.900919
0.808130	0.911033
0.808130	0.881246
0.808130	0.896793
0.808130	0.933781
0.808130	0.891485
0.808130	0.903123
0.808130	0.895370
0.808130	0.893559
0.808130	0.940063
0.808130	0.920978
0.808130	0.933763
0.808130	0.926153
0.808130	0.912651
0.808130	0.926827
0.808130	0.921222
0.808130	0.917882
0.808130	0.930251
0.808130	0.906868
0.808130	0.882544
0.808130	0.931137
0.808130	0.894703
0.808130	0.890332
0.808130	0.898036
0.808130	0.903905
0.808130	0.933496
0.808130	0.935903
0.808130	0.885387
0.808130	0.936418
0.808130	0.914119
0.808130	0.889621
0.808130	0.912225
0.808130	0.915604
0.808130	0.937070
0.808130	0.917563
0.808130	0.884819
0.808130	0.901305
0.808130	0.896392
0.808130	0.940206
0.808130	0.901372
0.808130	0.939871
0.808130	0.897326
0.808130	0.919682
0.808130	0.910865
0.808130	0.895086
0.808130	0.931952
0.808130	0.900454
0.808130	0.892433
0.808130	0.901124
0.808130	0.938534
0.808130	0.915944
0.808130	0.941460
0.808130	0.931630
0.808130	0.923504
0.808130	0.933945
0.808130	0.888670
0.808130	0.915499
0.808130	0.909566
0.808130	0.886499
0.233094	0.910270
0.233094	0.939942
0.233094	0.889175
0.233094	0.908151
0.233094	0.881855
0.233094	0.875610
0.233094	0.864372
0.233094	0.898373
0.233094	0.880323
0.233094	0.863853
0.233094	0.838709
0.233094	0.815211
0.233094	0.847104
0.233094	0.844724
0.233094	0.806798
0.233094	0.823608
0.233094	0.797971
0.233094	0.829642
0.233094	0.784521
0.233094	0.772219
0.233094	0.794378
0.233094	0.771553
0.233094	0.772683
0.233094	0.776987
0.233094	0.756992
0.233094	0.786371
0.233094	0.787055
0.233094	0.756956
0.233094	0.758864
0.233094	0.799055
0.233094	0.779705
0.233094	0.742624
0.233094	0.765615
0.233094	0.786701
0.233094	0.775333
0.233094	0.764262
0.233094	0.773527
0.233094	0.783585
0.233094	0.791062
0.233094	0.746871
0.233094	0.750852
0.233094	0.789198
0.233094	0.780804
0.233094	0.773041
0.233094	0.744263
0.233094	0.785089
0.233094	0.738140
0.233094	0.733555
0.233094	0.758256
0.233094	0.732672
0.233094	0.741739
0.233094	0.752425
0.233094	0.759914
0.233094	0.734064
0.233094	0.729655
0.233094	0.757277
0.233094	0.744623
0.233094	0.765489
0.233094	0.731878
0.233094	0.753308
0.233094	0.776370
0.233094	0.744441
0.233094	0.777961
0.233094	0.778344
0.233094	0.783062
0.233094	0.777693
0.233094	0.745808
0.233094	0.744894
0.233094	0.735567
0.233094	0.754614
0.233094	0.735668
0.233094	0.732279
0.233094	0.731497
0.233094	0.775462
0.233094	0.765600
0.233094	0.743987
0.233094	0.784574
0.233094	0.760621
0.233094	0.730999
0.233094	0.747271
-0.385857	0.747395
-0.385857	0.762098
-0.385857	0.755208
-0.385857	0.742636
-0.385857	0.651463
-0.385857	0.512572
-0.385857	0.358205
-0.385857	0.173141
-0.385857	0.010317
-0.385857	-0.223226
-0.385857	-0.493142
-0.385857	-0.786310
-0.385857	-1.021774
-0.385857	-1.349879
-0.385857	-1.592778
-0.385857	-1.936831
-0.385857	-2.182773
-0.385857	-2.474880
-0.385857	-2.778265
-0.385857	-3.022176
-0.385857	-3.286742
-0.385857	-3.508451
-0.385857	-3.739015
-0.385857	-3.940841
-0.385857	-4.158485
-0.385857	-4.338075
-0.385857	-4.455003
-0.385857	-4.629546
-0.385857	-4.767048
-0.385857	-4.926883
-0.385857	-5.025974
-0.385857	-5.142303
-0.385857	-5.225089
-0.385857	-5.344971
-0.385857	-5.394962
-0.385857	-5.450486
-0.385857	-5.542354
-0.385857	-5.586445
-0.385857	-5.628452
-0.385857	-5.692783
-0.385857	-5.736168
-0.385857	-5.813647
-0.385857	-5.809118
-0.385857	-5.881537
-0.385857	-5.871890
-0.385857	-5.927523
-0.385857	-5.915401
-0.385857	-5.979336
-0.385857	-5.947578
-0.385857	-6.016845
-0.385857	-5.980142
-0.385857	-6.046298
-0.385857	-6.007305
-0.385857	-6.062739
-0.385857	-6.061207
-0.385857	-6.081627
-0.385857	-6.050228
-0.385857	-6.092583
-0.385857	-6.074876
-0.385857	-6.101741
-0.385857	-6.119476
-0.385857	-6.082474
-0.385857	-6.102915
-0.385857	-6.099997
-0.385857	-6.103195
-0.385857	-6.133075
-0.385857	-6.099996
-0.385857	-6.134396
-0.385857	-6.130487
-0.385857	-6.123646
-0.385857	-6.101405
-0.385857	-6.152961
-0.385857	-6.104523
-0.385857	-6.119828
-0.385857	-6.107965
-0.385857	-6.151458
-0.385857	-6.116047
-0.385857	-6.115728
-0.385857	-6.134918
-0.385857	-6.160558
0.908152	-6.122843
0.908152	-6.109585
0.908152	-6.140862
0.908152	-5.014270
0.908152	-3.272961
0.908152	-1.944298
0.908152	-1.050694
0.908152	-0.483349
0.908152	-0.078022
0.908152	0.141088
0.908152	0.359269
0.908152	0.464589
0.908152	0.550530
0.908152	0.621221
0.908152	0.678320
0.908152	0.696488
0.908152	0.772410
0.908152	0.793133
0.908152	0.825979
0.908152	0.844611
0.908152	0.849417
0.908152	0.860410
0.908152	0.861603
0.908152	0.870269
0.908152	0.891354
0.908152	0.899600
0.908152	0.906715
0.908152	0.868688
0.908152	0.875991
0.908152	0.882455
0.908152	0.867001
0.908152	0.915065
0.908152	0.872311
0.908152	0.919893
0.908152	0.881975
0.908152	0.878621
0.908152	0.877606
0.908152	0.888395
0.908152	0.903901
0.908152	0.883220
0.908152	0.935966
0.908152	0.897819
0.908152	0.914850
0.908152	0.892420
0.908152	0.911979
0.908152	0.928530
0.908152	0.902316
0.908152	0.888716
0.908152	0.896411
0.908152	0.896244
0.908152	0.885232
0.908152	0.899848
0.908152	0.890673
0.908152	0.888617
0.908152	0.884249
0.908152	0.926040
0.908152	0.934184
0.908152	0.885174
0.908152	0.897630
0.908152	0.913670
0.908152	0.910341
0.908152	0.936807
0.908152	0.898690
0.908152	0.896979
0.908152	0.887899
0.908152	0.906958
0.908152	0.902020
0.908152	0.922674
0.908152	0.943682
0.908152	0.911805
0.908152	0.887692
0.908152	0.905892
0.908152	0.939910
0.908152	0.891783
0.908152	0.924956
0.908152	0.908382
0.908152	0.908405
0.908152	0.887297
0.908152	0.888591
0.908152	0.920229
-0.691465	0.891451
-0.691465	0.927350
-0.691465	0.898973
-0.691465	0.896935
-0.691465	0.838691
-0.691465	0.755242
-0.691465	0.691283
-0.691465	0.524175
-0.691465	0.364326
-0.691465	0.086430
-0.691465	-0.165474
-0.691465	-0.447874
-0.691465	-0.799386
-0.691465	-1.213814
-0.691465	-1.578591
-0.691465	-2.038624
-0.691465	-2.435399
-0.691465	-2.887459
-0.691465	-3.368031
-0.691465	-3.767675
-0.691465	-4.225386
-0.691465	-4.617655
-0.691465	-5.072412
-0.691465	-5.414489
-0.691465	-5.809537
-0.691465	-6.163958
-0.691465	-6.452218
-0.691465	-6.781146
-0.691465	-7.056012
-0.691465	-7.294113
-0.691465	-7.575617
-0.691465	-7.804316
-0.691465	-8.003030
-0.691465	-8.161376
-0.691465	-8.334260
-0.691465	-8.515724
-0.691465	-8.647451
-0.691465	-8.767508
-0.691465	-8.883423
-0.691465	-8.999349
-0.691465	-9.068257
-0.691465	-9.189543
-0.691465	-9.216564
-0.691465	-9.296905
-0.691465	-9.398451
-0.691465	-9.407811
-0.691465	-9.507538
-0.691465	-9.558447
-0.691465	-9.558712
-0.691465	-9.622215
-0.691465	-9.650349
-0.691465	-9.670895
-0.691465	-9.714680
-0.691465	-9.724218
-0.691465	-9.768430
-0.691465	-9.781195
-0.691465	-9.763724
-0.691465	-9.782332
-0.691465	-9.778437
-0.691465	-9.833479
-0.691465	-9.851639
-0.691465	-9.835208
-0.691465	-9.841219
-0.691465	-9.885326
-0.691465	-9.836597
-0.691465	-9.882116
-0.691465	-9.854387
-0.691465	-9.905010
-0.691465	-9.898120
-0.691465	-9.904330
-0.691465	-9.869073
-0.691465	-9.881218
-0.691465	-9.916658
-0.691465	-9.923992
-0.691465	-9.889417
-0.691465	-9.904628
-0.691465	-9.901279
-0.691465	-9.901964
-0.691465	-9.926113
-0.691465	-9.882970
0.552840	-9.900951
0.552840	-9.889579
0.552840	-9.936254
0.552840	-8.100824
0.552840	-5.377708
0.552840	-3.283475
0.552840	-1.930504
0.552840	-1.061726
0.552840	-0.491392
0.552840	-0.123096
0.552840	0.138029
0.552840	0.302673
0.552840	0.420139
0.552840	0.519751
0.552840	0.596792
0.552840	0.645385
0.552840	0.705280
0.552840	0.714144
0.552840	0.743665
0.552840	0.800893
0.552840	0.765656
0.552840	0.794655
0.552840	0.805749
0.552840	0.826109
0.552840	0.867408
0.552840	0.868828
0.552840	0.860768
0.552840	0.841208
0.552840	0.865746
0.552840	0.876971
0.552840	0.861542
0.552840	0.865221
0.552840	0.871025
0.552840	0.896406
0.552840	0.850446
0.552840	0.902078
0.552840	0.860618
0.552840	0.864143
0.552840	0.880568
0.552840	0.875528
0.552840	0.914932
0.552840	0.881734
0.552840	0.894550
0.552840	0.890690
0.552840	0.914200
0.552840	0.917483
0.552840	0.893799
0.552840	0.892359
0.552840	0.901398
0.552840	0.899675
0.552840	0.924191
0.552840	0.869879
0.552840	0.902618
0.552840	0.865636
0.552840	0.920224
0.552840	0.924653
0.552840	0.891868
0.552840	0.874464
0.552840	0.925230
0.552840	0.907892
0.552840	0.919522
0.552840	0.882399
0.552840	0.867972
0.552840	0.920170
0.552840	0.924988
0.552840	0.892460
0.552840	0.890513
0.552840	0.887271
0.552840	0.873771
0.552840	0.919830
0.552840	0.898855
0.552840	0.911585
0.552840	0.878220
0.552840	0.896164
0.552840	0.883941
0.552840	0.892531
0.552840	0.888331
0.552840	0.874659
0.552840	0.925191
0.552840	0.872010
